2883
17957
8244
10234
8930
10793
8196
3052
4055
13415
12272
2637
16048
133
17035
18581
17702
11519
323
16057
8676
1700
3099
18967
2274
8512
14181
15559
14431
13486
9295
1124
16305
3012
8205
16873
7188
1285
14817
17618
6355
18001
12812
11422
14147
547
19023
2929
8246
17621
14164
5717
9081
1969
9499
12087
614
1940
13817
6616
17116
365
13868
18804
18534
4695
15504
1920
13641
3882
9828
15685
19272
6580
10514
1306
16490
13179
8515
8130
12607
10315
8517
6050
12743
1461
9165
8031
12227
18939
15389
17685
12441
12655
17231
5765
7937
15123
4989
15956
11621
1051
17869
1125
1944
5774
17476
17646
16936
9937
12063
10044
6980
19002
4962
12336
3687
6441
11015
13541
7142
5367
4047
12072
19265
19
19641
5705
3682
3836
13174
8786
10023
17088
10434
6727
9283
5910
6756
1004
5217
18382
368
17784
17803
19907
18984
9971
9064
12620
8061
37
5574
6111
16217
835
7402
18204
5720
9214
6234
1315
11537
1903
6549
16366
9822
8925
12888
13040
16752
12434
4213
8056
8103
6659
10727
7144
17827
18266
14045
8954
12389
9413
16030
12516
16240
11426
4102
13652
19039
16911
8097
16218
16802
19842
16472
15397
4930
11102
23
19674
8527
16128
5731
13191
9915
5106
6835
15328
17173
17622
12190
3159
9723
4522
12808
10336
13815
13933
8920
10428
16907
2953
19774
9355
10240
19475
10574
2399
11704
2337
10414
347
10280
8071
18643
15336
18269
2072
7749
4773
15562
8599
5055
9804
7258
11992
15802
16198
13828
14062
2914
2918
13725
19710
8769
15924
11332
13257
8154
1490
1899
5617
7975
15590
15565
19878
924
5521
14767
8502
2159
12729
18812
10509
4591
4188
10777
8167
10564
7618
10419
7355
15530
14982
18335
19463
11027
3337
85
14510
10070
2293
17204
13567
14909
11617
2774
7049
16247
16291
11709
14055
4735
15857
14882
17474
13359
6594
4995
7766
11729
18437
16729
13004
2451
12991
9053
7575
19544
19331
8869
5269
11275
1821
7531
6324
17210
398
9015
6413
16501
18246
3377
12217
19844
13314
17999
4044
19062
7875
19610
508
19442
1594
10987
8708
9534
14466
16090
19920
3192
6196
1213
10550
14713
3493
15111
15605
13016
16245
6261
15949
862
4639
9322
12185
17823
12413
12643
6850
16051
9071
12746
7217
19790
16538
8298
13772
11493
17683
5826
12557
4896
16119
18558
18514
19656
6642
17238
13601
13614
8280
17650
14781
1659
7665
1137
11129
1771
16862
2450
6902
3305
8553
12448
10865
9575
1224
11341
14517
6770
19009
3119
15106
1930
17691
6249
10002
16495
18611
11468
19257
17653
3994
11193
19686
8720
197
7463
18046
12143
1374
19489
4376
8163
14672
5858
2165
13376
10945
6500
19024
4964
2439
17344
691
14554
15407
7454
15185
11088
8403
13707
11579
6754
2397
661
11826
2401
1781
3348
8662
15818
8880
17259
19839
17051
19336
9530
10868
11062
1189
5350
3446
7426
13612
14336
12128
8958
13706
15100
17555
9333
4694
10301
641
702
14423
7869
16865
2347
19759
8539
6293
801
4088
6813
3139
13478
11693
489
15486
2433
12609
10043
13637
16629
2068
2647
2934
14324
7325
2642
12432
16765
6896
17244
12737
19725
5692
8111
8444
13677
17945
10802
7278
6538
6434
10256
5362
16032
7608
2214
6619
8835
3483
19021
18536
11158
7700
2351
11156
9504
15647
5534
8080
10814
3755
12662
8758
3435
8545
15160
10971
8625
9142
16748
6783
4841
16325
14846
2952
97
9768
19715
9083
15824
11911
19527
12381
5314
4360
14912
17202
8507
2108
11343
9459
860
10338
16459
8766
8898
1268
5549
1106
797
16381
5322
17004
4691
16465
13973
1319
7114
4678
11373
1388
7535
5035
3950
3679
9771
8085
10732
9122
10431
9911
1474
19742
5602
17239
12968
15767
8779
19928
19348
4837
1992
7687
10123
11594
4040
19748
11183
6306
8803
18768
8643
15584
2697
19988
13108
19003
4544
4477
7158
4119
10152
15382
9012
10748
3283
2869
14733
3191
2860
4428
2943
3359
10620
14266
9751
13131
13992
6484
4855
10964
9676
18049
10850
16969
14831
6612
17575
5080
16397
353
15728
16628
8849
9970
5157
2677
19750
18016
8053
9000
12098
3040
10747
16322
17546
3497
11641
6962
17612
11502
17892
7305
6719
11734
18337
13791
11805
10902
16949
17958
1162
1342
15507
2055
9636
16576
8114
13887
12162
12928
9003
221
1912
1179
12255
11020
7309
11218
11771
5037
17807
17096
3621
3859
8384
15313
303
16332
11098
2947
2571
1806
3615
10662
13977
2759
2681
4635
16584
11786
13394
7768
1924
87
19625
18146
11972
10610
16583
14890
14931
5792
16258
18383
17836
7856
12765
16724
2894
7139
19145
9342
2691
10137
34
9591
10214
17188
9874
2872
9173
10708
10223
12560
19575
4947
1762
9431
1144
18546
9093
8939
10071
6145
3095
11009
8535
19240
17676
7096
11016
5125
12964
17744
19288
9517
8881
5938
9037
10614
6598
9347
3030
7393
14217
2682
10377
17319
18208
5844
4161
6947
5288
6911
17627
28
9328
16009
12207
1517
9332
18688
19440
18357
10369
7064
12767
6345
8364
1765
18493
8986
10374
4557
1246
15139
7683
16243
4710
6802
11055
877
14928
8375
18808
5407
8664
16946
9484
15739
8041
16354
4422
16935
9050
17146
1226
16215
10356
8763
3265
17119
4078
15165
13621
2245
7039
16830
15168
17056
2460
11585
1234
9807
4812
9767
7486
17573
18021
4861
3723
5067
13708
19426
194
935
10983
2453
18171
13700
19176
17596
4531
19356
4191
12164
16795
14321
6697
3874
17855
7657
5166
14521
6640
630
19597
15651
16916
8189
17590
9215
13521
15156
19866
4621
3602
18417
7021
16330
6191
920
18649
10386
5297
6456
18172
18770
1540
17107
15843
14571
14443
9492
15297
13384
2116
9713
6547
11221
18098
3790
17182
5513
2389
12056
11961
12268
13120
16130
14144
8127
4383
6688
13104
13730
10133
3226
2524
13382
7528
3771
17511
10093
19631
16943
483
7913
15798
19455
1395
15435
1673
16163
1675
14745
1128
3418
1728
12784
13692
19011
17793
5476
853
13765
580
3664
15433
2300
14065
12086
11311
15668
11096
15623
10181
16334
2626
12567
5789
15372
8929
14659
19133
6215
17921
778
4791
2937
19977
344
4345
5744
7304
3010
2932
6430
19044
7184
16194
13241
5841
10657
2145
6618
8591
19872
8682
9731
17387
7321
18952
2924
2590
9102
13628
9145
17955
13409
2311
16219
11361
143
19767
9711
3129
18631
7331
14025
15940
19913
1045
9248
8728
12592
16065
18670
5294
2277
8170
8753
8765
13853
5193
3590
99
5605
19799
2601
10776
19704
15639
3716
9060
4052
12986
1917
14918
19765
2852
15662
3770
14692
1503
16502
13587
18985
8915
1449
4480
2418
18949
1118
14002
9339
886
2499
9524
3540
9365
6476
5614
9298
5999
17972
3940
13276
7038
15205
15305
1263
12910
13077
6704
19745
8678
7807
12553
2632
14089
277
11224
7001
7444
8871
4558
16891
12244
19500
2700
7341
11418
18435
11109
16242
9926
3315
19627
10762
10396
10892
15779
18427
18486
5576
4685
1739
2758
12658
15329
4976
16638
12353
4287
4910
299
4475
16205
7544
13802
18703
12059
6758
1984
41
6059
3085
14877
19687
8953
11510
19137
16614
4564
2616
11616
6465
4759
19958
12699
10009
13344
3973
2039
14856
17195
16210
486
12616
2613
8318
9628
13419
17487
325
13789
11070
8488
18207
16635
18293
250
3168
17215
16289
318
10527
3120
10380
5934
9891
13089
19869
9069
12444
10405
10704
7582
9421
12792
13581
19700
7851
15017
1131
11631
6833
14681
15116
12701
8669
6939
15863
19986
18905
53
15387
1192
17723
18537
1669
1198
14779
12582
4158
19360
14322
4503
15821
12755
4501
9531
7810
19358
2920
6721
17321
3072
7551
18045
3217
1280
16003
18384
2741
2157
10547
19496
7097
399
5535
5895
7759
1534
7013
8367
9805
1113
15769
2228
1626
12449
15778
11154
18024
19100
7154
16854
11013
1207
14948
5835
18095
17063
18303
952
15928
11500
7000
334
5618
19411
19431
19646
1751
10735
4412
5767
5020
10129
1026
15825
8519
7289
7491
18319
12384
17372
1068
15705
4643
2266
18458
13951
15501
7045
3253
12203
8016
18662
3583
15860
13862
16047
3946
4131
1685
19744
17432
17832
13322
6187
2481
8796
17917
838
259
19167
17997
15414
372
6150
16688
1099
7883
245
19461
18121
3415
6180
15604
7767
384
10086
16328
8677
10619
12724
9949
18110
17840
13639
17094
4724
3086
13271
11209
10745
8122
7990
7447
15383
15239
18048
8362
8090
18874
16844
9645
16746
15494
1863
14122
6236
12958
428
13913
11003
9427
12782
8054
8771
2318
154
2289
8104
2395
7832
13885
8560
6657
19665
14799
11986
19247
14667
8439
11725
12388
10632
16413
9468
15760
16288
19132
19191
1792
17445
3387
18843
12999
3186
17980
13747
657
13464
6735
15192
18399
9678
4433
4634
15298
15828
7850
8128
4032
1078
8783
1300
15287
17443
11666
15882
5896
15555
5555
174
12622
8635
12269
8469
12682
17191
7413
10288
4708
17774
15147
10510
6968
6316
14853
6218
8282
3443
7024
13278
11566
18887
6183
211
703
11042
8634
4449
19516
5565
16038
6010
18445
19863
6681
8841
5189
8309
14175
5001
12408
9049
15282
11697
2793
3594
13557
458
5551
8782
3658
5504
18320
14400
15964
7384
5596
957
4852
18937
17086
5552
6907
314
2763
5207
7999
9357
5049
7228
4197
4834
9263
11896
4355
138
13447
19532
5899
9213
13364
14589
3357
2310
8729
11432
8182
12744
745
4864
11409
14770
6574
19303
14132
6366
3229
1009
3390
3928
3510
16587
12594
3617
18442
4075
19671
11977
15691
2678
8738
14803
16244
11855
9972
12838
2282
8926
15070
1047
4552
13461
1184
12601
3749
7944
8087
5807
19526
2412
492
5610
15450
3454
15602
3255
4317
1437
12853
9989
1080
8153
7893
543
13643
2009
19705
5867
14731
4914
909
12047
6268
1444
7965
14976
12466
11788
18031
2910
19418
19159
3482
17092
157
4405
16302
4751
7340
16714
6558
1405
15011
10149
5372
15039
2201
56
1190
4270
16619
11100
6092
13645
10696
675
7909
6734
15391
12460
4399
11982
18390
18989
15363
7266
7701
4182
6378
4404
7281
17030
15254
9485
12242
13743
15810
3591
2986
17889
2227
6143
2840
9800
13147
12665
14078
4950
7755
18981
11582
3231
17016
13230
7178
11376
11417
14821
9600
15056
4340
8531
2343
6344
19741
15858
11835
10675
6843
9474
1548
15529
8885
19271
7123
13291
6645
3898
11122
15466
18373
650
19404
9423
12686
8961
10692
19270
7084
11967
16189
3410
17118
16312
18210
5414
167
15908
11487
10568
3114
15753
2205
7090
19201
15856
18552
17709
6880
8659
12773
17484
15888
15355
14814
17981
16739
16565
18610
5114
9276
2595
17414
18674
4687
688
15055
7027
1448
2114
8131
14621
13777
19846
13097
295
13953
8340
15934
13855
17007
2673
8100
15426
16253
16920
9189
11206
15029
15695
14038
13084
10999
14707
18071
18120
1055
7503
3258
588
3477
14558
11294
1743
12698
15220
5924
279
18167
11220
10935
435
16216
15574
6569
3292
9836
8171
9714
6076
14537
7033
7342
18446
932
2217
9631
18682
16673
5646
13292
5180
11962
17276
16108
6397
10508
17965
9057
16439
18044
18934
11956
1013
4846
103
8427
1150
17763
12041
6649
3881
7395
10575
555
11925
5957
13793
10275
15201
18856
18691
16401
12070
1465
2154
17057
652
3345
18296
18902
16024
17858
16432
17479
13284
5677
15229
11397
276
3450
8963
165
19612
17975
7554
18822
14308
8679
11017
16646
10661
2552
11714
3945
9619
9445
3295
16185
1778
11860
17628
849
15694
18145
4454
8134
13930
9870
5808
10773
2553
16756
4718
16268
15159
14209
12096
19365
10665
13392
19175
18868
9364
4816
2005
784
15360
8264
6987
1613
6771
9688
10037
18737
19253
16437
12529
19754
16264
17109
3194
7882
3921
11926
13664
5185
14137
10731
8658
9211
4234
4705
2834
7219
1035
4843
15210
5730
12663
9007
19779
16944
2714
6330
3794
11186
11870
1632
17192
579
5490
2340
19857
14372
15271
8776
16782
14978
7797
6782
18900
8817
7696
4973
19993
7276
5013
16751
15449
18871
16029
3830
1756
19066
11249
17736
2968
8239
18090
18664
15997
3644
18132
18784
9116
16831
17698
3117
17135
10479
12851
11508
11199
19680
16737
8410
716
8092
18809
12372
15607
3890
19910
11784
15141
15299
10281
9188
15700
8003
9986
1089
8948
107
19302
10173
15547
3142
3913
17145
252
3126
8660
16331
19005
12052
6103
18608
2767
18861
13044
12123
9029
10877
15811
3713
3944
5961
13295
10854
12696
9741
810
17331
18149
15009
9795
10680
5741
4556
18165
7034
1584
5235
8931
1656
15223
16105
16292
17824
17011
13195
13823
17159
4665
13891
10077
4885
12371
11330
4485
16658
9757
5383
6922
15155
15848
720
6193
1929
19289
11480
3800
6733
11189
12786
18733
15913
7689
17074
9024
18224
18574
10746
7468
5155
2638
9856
3719
4858
11204
15950
17905
7175
9277
4618
7694
3246
1783
4114
4659
14145
8703
18054
6320
16050
5212
19294
16647
1373
19214
15859
7653
9184
9727
3639
16492
9415
18571
2297
3488
17490
10076
13530
6110
7631
14640
7053
18118
12930
14896
912
11279
9292
3398
559
4320
14630
17572
14428
10587
12176
6128
3634
18502
17721
19231
12721
11745
19832
15356
19571
15977
11632
8032
15375
14356
10118
6818
15643
6129
2789
11941
12308
6346
17639
12088
8814
19520
4866
10191
6251
14292
12387
871
5651
13847
19894
4257
5057
1734
5244
12689
17700
10443
17301
8026
9
18992
11677
6948
9490
7879
15465
13607
3962
12974
17843
1325
2104
8464
12348
13560
17952
5611
19890
3162
7599
17418
3823
16968
6576
302
8597
13514
1071
14424
14988
4448
13426
12822
10390
1609
5438
12617
3143
10934
6557
7886
2373
17138
1575
11718
11945
14867
6402
17816
5982
11143
15592
1000
12315
1526
15221
13609
1988
13485
1416
4697
7140
5460
8513
19290
16627
11761
8234
13529
14196
17078
4966
3075
5095
12405
7308
5921
16555
10159
2241
11169
8
2199
1105
2461
1560
13014
15674
7521
1738
9111
6870
15412
14053
18609
8906
10449
12762
18891
16903
18864
11749
1218
7601
17946
18605
9674
12356
3214
9739
16639
9323
18543
3327
1275
3457
473
15420
4975
16255
4139
17459
4637
13124
3140
4819
16363
5393
9461
7394
4285
6272
18802
747
14444
6887
2174
15671
6429
2819
10992
1586
6689
5380
3816
8119
16447
10581
135
18875
430
11194
13670
19719
1171
10381
7382
5601
5327
16693
10101
11255
16664
6706
18379
6379
13170
5721
18972
13267
405
17006
14833
17864
9994
13202
3170
3509
12898
16176
14378
13328
13576
8233
16204
11126
10609
16298
16137
9966
2475
12465
19683
19466
5202
9776
12426
14911
15629
19422
18426
7462
16869
6846
15585
19010
5198
13358
3642
13158
6277
10124
202
8704
8048
15571
10147
19843
11531
13115
17440
12828
320
12847
10720
10846
6795
11863
5591
7171
18560
6325
16202
8336
9854
15578
16171
6260
17789
4000
2891
8108
15245
18250
13753
6419
596
19649
1963
3566
13145
17377
15219
14822
2189
13504
19275
18039
18312
16902
363
19694
12457
17084
17847
16154
17282
18840
6156
12331
18845
19350
9246
3684
3150
11408
16833
16788
5875
8070
16695
13023
11076
6049
13268
19827
1377
19472
14776
12257
6209
9501
6447
1223
14926
6671
8568
16642
16742
5629
1897
14156
16135
15266
3635
19050
8241
12149
965
971
10752
1311
5163
18933
13319
8564
8657
18365
199
64
1742
93
17943
16102
4728
11507
8475
5318
1328
5975
8793
8895
13495
18591
2967
14636
3694
15392
15899
6622
9115
5209
5785
17395
19447
10591
11041
10209
4269
6093
1695
45
2800
3402
14505
7346
12080
13209
19675
16103
16668
19223
15966
3841
14670
16358
16792
14083
4957
1582
13282
6046
11588
13805
3353
11663
19029
16343
7487
8159
14470
18828
131
19766
16362
12026
18829
14306
6431
8595
529
7174
7425
9599
4979
9426
1147
13381
16145
6172
9781
859
19939
2161
369
18315
18237
5326
12305
19134
3866
14249
4240
723
18907
6855
3853
11981
18476
16301
16109
6755
15749
10197
7588
14664
2984
15012
12297
8458
2359
4379
16262
4821
17617
1077
2831
7617
11859
5686
11703
11277
1794
19205
17990
3747
15487
19121
2467
12178
17390
5148
11920
10253
2592
8462
15033
17133
19628
9831
11993
16426
15264
15754
3680
2421
4235
101
12355
637
13143
19971
13788
12720
16483
12935
13232
9335
19801
19494
15990
16793
9869
17821
3610
9470
13402
15770
11654
12210
9606
13217
14830
9405
5526
14542
6772
18199
12669
6751
10264
19568
4067
17781
3729
11602
1674
1654
18147
4601
11801
9112
12865
11968
5291
86
663
18002
10334
13591
6504
6224
12468
14881
13434
2551
9936
13929
10017
15528
13000
19074
7443
19355
18213
17349
17662
16819
19804
5802
8673
11444
5130
4527
19486
8555
5461
12425
14312
5665
2074
2396
17500
1550
734
11671
3031
590
503
9712
2096
212
3751
662
14759
18086
8058
16676
12489
9435
4427
19517
3144
12409
8355
18704
17458
18657
12161
18638
3440
11285
16200
4339
19416
8420
19164
7644
13264
6091
2449
16280
18888
6115
976
5477
9586
19230
17815
18085
6540
6205
12267
17563
12777
4017
17586
14515
7366
19871
16770
16257
9762
11237
5108
5784
13754
4761
16816
441
14695
3652
7629
3047
19545
8654
262
15628
11655
19555
7145
10826
8265
2369
4012
3675
17881
5566
9542
16396
10734
16390
17065
11383
17412
13064
6420
6222
370
2002
8622
961
1804
11300
16925
6999
11337
3863
10741
17687
19157
6546
8813
9403
19730
14239
17483
10069
5484
11564
9471
10058
3179
8734
14009
11121
17488
19802
18819
16761
17668
6137
19495
12821
15776
16834
7779
2465
19363
9579
19854
4019
18174
769
3373
17790
15084
18541
14739
4793
2014
3735
9483
10699
18913
10437
7076
2538
726
8901
10486
13442
13649
15965
16308
17365
4614
13030
13975
4123
18229
9048
1079
3581
5641
15393
306
9422
19932
10525
14032
11185
12761
2276
1081
10148
8251
15151
13722
13493
18272
8316
3817
10010
2843
1139
4588
10272
7791
1533
15001
15031
15878
951
18214
11454
19048
13849
6177
12184
4571
8735
14818
906
18593
16158
6862
9052
5348
16311
12419
12733
3671
15366
5030
14655
17308
1023
10378
7719
6638
17214
14269
8222
19880
18463
17218
5622
2486
1904
3333
7370
18929
9224
15978
9916
5932
6369
9077
18982
35
6884
18696
5211
17222
12075
10342
14136
15520
16196
1010
8172
12576
10051
13858
19377
5703
12813
3520
8303
18148
9957
898
5072
10678
9044
18651
16736
14103
16201
18794
5944
5239
2129
14744
2821
13056
14851
11372
14862
5865
12044
5778
18238
11112
3541
16986
1964
8322
11719
10827
2190
10026
518
7591
18503
6179
12569
8174
16496
11482
9010
11944
9194
13741
14828
9557
16344
5510
17009
10188
11908
7173
2436
14233
3725
6750
19634
7458
5889
17124
19258
2855
766
7929
15379
9425
7070
8994
1086
213
1631
9094
8323
3213
19468
977
14553
6257
12212
1050
5479
2169
16550
4322
187
16212
105
9716
6551
931
14489
12332
8816
14238
73
12887
2213
9774
7460
487
16617
11167
725
163
11331
8046
11787
17657
3793
18672
18310
5522
16273
7861
3531
1698
5595
7855
15301
16544
12874
4145
11202
11211
14333
15404
18400
15044
17323
13078
7208
10842
18555
13337
6975
13920
8203
17743
17367
19332
19386
11318
5828
12831
12455
13190
16404
18644
3573
3786
17345
18690
9121
14041
14577
1712
7717
18116
10436
10082
9133
7104
1968
15272
15864
15915
4941
1951
15234
8173
17193
7542
19076
616
4214
3589
15552
12652
16910
12600
2611
18723
1935
9693
12373
8865
7698
11789
8271
12783
11985
9168
5903
19349
18655
3105
6808
4599
7260
5243
4464
8148
19596
12278
6810
15556
10114
995
8151
16842
13133
7803
12469
19088
9584
15269
18742
15288
4654
5300
48
16515
5270
13474
19906
124
3578
14235
902
5064
10289
16691
2895
6483
9566
11622
6449
19605
13964
17805
19619
16191
15708
14474
16027
15447
10313
18102
10916
16368
3899
15215
1510
1819
2298
8721
424
13869
1430
2765
9114
8731
15714
11628
12535
4642
10650
14625
116
6490
17287
6373
12153
10042
16797
15445
18830
12578
7627
8438
4711
4371
10531
16160
3910
6469
3585
4994
15180
17658
19401
14437
10442
11379
12788
9161
8995
2484
5450
13118
2916
1648
11652
3734
8413
11067
12989
10910
3243
11871
18635
12416
13682
10186
9420
5943
7756
17322
8979
3242
638
10921
11305
13472
6228
8002
4297
11762
17198
17644
10430
6206
14225
10387
189
8106
9375
1123
14836
9959
12404
12980
581
18354
12079
10325
15498
7375
1488
12277
12316
5059
10248
4288
2326
19561
11497
9272
10869
7699
16879
5667
5724
9624
13580
966
11770
5621
7853
4232
6240
12735
2948
2138
1811
3128
1942
16521
10300
355
19983
2000
17201
687
5246
6898
14258
10074
13787
3575
14114
6035
8863
6423
10354
15554
4768
5088
10637
1409
15350
14503
13524
11991
13998
3500
4208
15757
11963
9585
13466
17106
9360
19261
12789
1411
5321
17875
2141
5329
7661
3522
4220
11821
12771
12490
2655
14274
9738
13545
3925
2579
11840
13961
13413
17859
1619
4472
6025
13132
14514
5041
15895
6333
18567
6042
10941
5442
10100
12243
9759
10183
5984
17175
15522
13704
5345
6978
1559
4154
636
14901
3474
8378
9163
15073
9742
17290
15236
19533
18576
13346
15756
3322
9707
10929
18836
1646
11996
8368
9450
876
4185
8220
11647
3385
16711
1158
9169
19537
14922
6628
1531
16912
13983
12869
684
14478
4827
2878
4960
10781
8977
19428
15349
13363
13242
4892
2726
11073
13979
18920
15797
18668
9568
7432
1957
17221
7906
15307
236
18314
1684
16416
2951
8212
10047
8124
1707
3432
15999
19591
11561
12004
19563
5255
10139
8923
17465
2391
2728
5994
4541
12105
14910
10112
2393
19682
15443
7014
8301
1101
4991
16747
229
8908
2090
13221
8910
4115
336
19081
19557
12312
5306
9458
12450
15172
9221
13522
9025
6127
17770
12195
1587
15774
9482
6217
16716
5691
10689
12446
4490
386
13634
13181
15518
5508
15633
11581
624
6573
3851
5782
13106
1618
2732
3517
12093
2884
12274
3199
18777
7422
10030
13225
8117
12259
3324
12370
7374
14871
8837
2272
10066
96
12992
1108
6761
2269
11182
13720
5718
17028
16392
9853
2019
905
10670
15792
488
7778
11737
16346
19635
2464
2252
5385
3533
13527
13433
5305
6299
6319
10834
15594
18345
4293
13021
18162
18009
19810
400
2811
9646
10402
2330
5245
12693
15901
12520
15493
7233
6937
18275
15036
6296
2043
10544
1236
18092
10628
9835
459
13063
5298
5257
10965
17640
2046
8632
11885
16468
11541
4309
17782
5763
2370
14700
8626
8225
17230
9702
11414
5915
2824
3392
14208
2835
753
2385
839
18277
14528
6661
11640
6535
8640
16548
9073
5183
11950
4754
12290
7747
15284
82
9765
9616
16174
5279
17688
6433
7838
1514
13792
9724
4667
16806
7894
8836
4439
411
13272
1844
14016
8641
4249
19556
11416
16836
4415
1812
18488
9683
17615
4810
13105
19701
19326
7003
15606
19515
13293
11747
12256
12501
18735
19572
9677
8341
694
7288
12757
3948
4887
7440
15666
9888
10146
360
15970
1072
14458
7530
2634
8416
3825
11971
7616
15067
12199
11447
3988
7400
14634
17267
13243
13647
1455
191
2523
3451
8013
10048
17161
6983
7902
8043
13307
3000
18414
1718
19460
6285
16551
14446
18730
15599
8818
10296
11464
11733
18540
8717
13519
4671
18722
5952
17682
17283
12626
10948
5126
10584
7042
13714
8042
8168
18954
5223
14545
12192
12266
18203
10478
15028
8851
2995
1400
3167
11089
10039
764
17882
19340
10852
9914
6542
14684
2956
10839
16320
18212
5353
18428
2812
11352
12922
1682
593
17833
6069
54
18925
17607
16475
2420
79
17168
3838
4998
17429
14452
14346
10716
17237
19994
3223
4808
11047
6226
6530
15502
16007
13261
9865
17136
7072
4689
9748
2813
19990
2224
9186
6009
6000
4441
5786
18411
12064
13065
10053
9679
1610
5536
2237
18511
4612
15422
16527
14353
6317
5793
17871
467
15925
11722
104
11086
9337
16684
4128
15030
14979
2384
18159
1798
5228
13215
268
7776
19281
1634
2267
3437
19156
18810
1361
3875
16535
396
1885
33
11844
15885
313
6288
3558
6375
4342
16338
19569
13872
16282
16318
16156
17544
14864
19534
565
567
14407
18449
17521
3212
13011
14276
11260
1447
6085
2623
19124
17856
19106
4653
13279
7214
7363
4988
10005
5262
4891
6609
10566
16940
19057
544
18070
6004
12653
10358
11319
10059
2554
12963
7685
17252
15310
15516
6676
19780
16754
7461
352
7369
4670
7973
904
14054
7101
2054
5827
15248
7738
14582
14282
3006
16766
335
17189
146
3565
18497
5107
16464
8544
3966
11124
5523
15235
925
18506
18694
16651
10928
1680
18012
8259
8188
19268
1432
13666
17860
5471
1858
4489
15230
4023
9117
16062
2988
9260
8415
4377
8722
3720
15252
1221
14671
1861
2390
9088
2963
14228
3325
11794
15589
16893
14573
18860
7524
13385
1970
10546
16991
537
10420
16110
13806
10856
17158
14586
19185
3886
6776
7793
9772
6007
13213
18186
5907
12433
4854
19032
10132
19630
5708
17039
11119
14915
9134
12894
2147
17806
3393
12599
9414
4987
19459
4035
2784
9552
12182
2352
18715
13808
8980
12197
12463
7887
4
686
9798
1440
15641
19434
14506
16186
17673
19374
13925
7985
7652
8393
9119
10719
11550
1290
4374
14772
10711
9438
18896
12160
12568
9997
1914
18459
1084
12324
10647
6801
11212
2619
6072
14705
741
4632
2254
9583
12286
6394
13237
858
12053
10324
3663
14793
19314
11978
13723
19067
3938
10016
10230
1279
18268
12236
11029
5914
16064
12107
16641
8791
8349
15352
13668
13633
17517
8010
2236
14873
7465
13361
6353
2018
3467
13029
4033
9167
14717
9560
10975
1815
12787
16820
19146
2890
939
14971
13873
3849
17684
12385
4943
8333
18461
2572
15783
13153
3274
2407
10523
9182
4295
19502
13888
15047
7722
10448
16877
10293
3421
9075
13656
1805
10635
13774
18821
18659
18842
9341
12170
1658
10917
3092
16540
15217
14334
16260
11415
18584
19465
17499
9649
2874
7480
15867
8436
16876
6822
15793
3696
13334
5071
2946
7677
7593
15164
5593
15057
4572
1910
15086
7684
10345
19580
12108
18854
2259
2950
6878
7547
6232
10303
14161
6670
9384
4706
3264
4380
4101
6391
13554
16531
15399
5893
4574
3499
18197
16817
18867
8702
15795
19094
8287
12066
6090
5218
14916
3624
14964
11459
13422
1111
13561
10041
10798
5888
17485
19313
19737
13807
9715
10926
13150
11135
12712
10033
12222
550
17927
9979
16450
13255
18527
4935
15788
1871
4426
5195
153
3263
12718
15830
14234
6794
9900
16393
1434
11168
7453
5589
7987
18302
1867
10389
1227
15617
13341
548
7900
6101
4006
12239
18349
19180
15916
10297
10308
15963
3102
14906
7502
14058
15065
1551
6749
15429
6295
4382
8754
18790
6403
17959
8376
15746
11738
1922
6555
19152
15337
373
11627
16300
1172
8306
5146
5531
10867
6152
2028
19451
13025
10279
7105
7782
8217
5441
6381
4922
6044
15692
5878
16655
8665
17327
1445
6104
9216
1384
16352
16683
15561
10849
13783
18142
10427
11889
11876
3462
8328
18151
1060
1554
3560
16727
1637
16132
408
7632
10239
16319
9061
1820
19174
18359
11919
14052
17241
15800
6052
14844
13490
11192
13794
13690
12077
7926
13404
3237
10164
11269
2717
7730
10445
18205
267
9558
10791
14689
5947
14441
11037
3386
12564
17010
13220
10318
2485
209
6513
2882
13834
13693
14969
18362
5360
5659
4882
13776
11353
3035
9946
3611
17977
2837
7085
4462
12882
16615
17050
10061
13374
4192
15327
7769
9663
14127
4513
11457
16083
825
18838
10962
17180
9374
9331
12577
996
14283
17369
14702
18606
3230
2790
4871
2709
8471
5448
15061
2754
11850
13121
7833
13128
12630
14508
12610
13262
3145
5382
18409
4579
3234
19287
14913
6604
3018
17819
7349
13515
18739
2076
9127
3918
2547
14543
6976
19075
8270
6074
7801
275
870
1277
13890
2780
2469
16690
16355
9858
5334
16246
14475
11393
3804
19938
17759
7401
11994
17940
9812
6356
11264
10891
6001
11095
15743
816
4247
10585
1020
18499
19946
7319
3943
40
14734
10370
17557
15910
16508
3247
19884
13129
5303
9564
2921
13332
8075
10737
5798
3567
196
2808
9780
13111
811
6075
4260
13721
16467
18254
4679
7048
7581
16710
3730
5266
91
8082
168
9027
19528
327
13146
15958
763
17079
9125
15667
6334
12380
10588
15659
15342
6280
1814
8073
10979
9786
10518
18234
8499
14820
9394
1552
13884
7986
9532
15898
6134
10175
520
1962
14111
16233
3595
11008
5954
15378
2825
18761
9910
2364
12523
19796
12967
15117
7785
13172
2342
7204
108
6368
11527
18687
16734
12498
7006
16118
4625
3463
7639
3900
10571
19807
3660
1274
5979
2604
2875
11923
10154
17328
6705
14805
15869
15669
11050
8978
6914
8434
12351
6276
1491
3032
3850
10346
4445
13475
3577
6448
18966
15339
6526
6286
4206
12188
6322
13912
14536
3736
16848
12502
18223
1939
18230
12008
7947
15253
9356
6710
92
7613
17421
19620
3963
632
11216
7523
8748
10193
15701
6692
12927
17967
8113
10883
18317
8713
4525
19538
10611
15625
19368
8905
5043
3545
1735
7825
17874
12629
16559
13518
12481
11727
16321
14270
14872
19975
2541
6966
12703
6267
16107
2737
2491
17717
15544
14765
1350
9571
19554
7019
10426
289
970
17504
14165
2544
14401
17891
8099
326
17647
19232
5226
2440
1877
6067
18993
17689
18106
12807
12163
3221
15054
9689
1446
9063
5613
18551
80
13735
10167
10698
18501
14635
14376
12565
2411
4148
13830
19004
2078
17904
3468
6401
4714
14218
345
4092
19812
11396
4704
12947
15686
8385
7113
6470
10176
17583
13565
15716
6071
4514
2612
2398
643
8627
7474
17449
18653
3757
14997
2248
16138
185
7537
12530
12478
3091
8742
11658
224
15167
14996
9920
507
13277
8751
10416
15371
1096
2969
1519
17747
6737
12994
16361
8567
10582
12045
19892
5764
11545
14027
3878
19371
9589
3429
10195
18298
17356
2166
2244
2666
10955
18103
29
9644
803
2900
15630
12253
17439
8200
8321
4349
17983
10466
14273
17179
1509
6556
1677
14149
2416
15732
1842
5676
5493
19739
5909
14903
16497
8228
10873
18091
9500
16448
19944
6446
1767
525
14624
4530
17153
6480
14994
17989
11774
4141
6108
8360
10407
5101
6199
1849
5033
804
2218
16152
563
6857
18124
14522
1723
11439
18271
3062
3523
205
4453
2296
11455
7484
8240
10408
1200
9881
731
6679
16241
14179
11796
481
14410
12901
8478
1152
9297
4881
1880
19322
248
2562
16076
5328
2437
8045
15188
12299
551
13824
14257
19392
5280
14142
4880
14886
11773
8359
5379
4395
5320
13425
12479
8716
10435
19117
7688
19847
8747
15942
10516
9632
7789
9654
6875
6517
7553
8352
9913
7143
7347
8736
19256
12329
18285
2062
519
15919
7504
11334
2344
11515
5926
16441
12071
283
17178
6068
17338
10063
6149
18099
3839
8606
1212
6328
16874
14946
8098
5249
7292
9719
992
10456
1249
16566
706
14251
84
19823
13465
5727
11441
14683
1324
16484
17787
9512
10314
10403
10283
8158
8285
19586
1498
19908
2980
17769
4416
19383
19655
246
5640
9232
18215
17391
11434
11425
1500
12038
13767
15048
8886
8711
14462
13069
11232
5289
17914
16453
1425
19110
19263
14647
9844
4124
2150
1505
7680
12854
7745
3441
13861
9045
14370
14138
5579
2285
8149
10156
7660
8405
16
1567
17637
16285
4872
148
2021
2885
4471
6627
15483
3542
6086
4952
721
3154
3266
4909
14786
16350
16474
5307
6112
6501
6724
19425
8775
11900
14024
1337
16037
10893
18758
12139
9202
6247
9281
12121
3187
17128
12754
8891
17000
19316
12177
12742
18559
4401
14254
1576
15102
12333
18356
7155
12354
5169
16764
14365
18304
3014
16625
11834
2378
3705
2578
655
3992
1402
18196
1565
16445
17286
1288
11793
4216
11490
2958
18698
9939
11390
13982
12978
4758
1911
12798
9020
13094
597
9230
8331
2431
10924
4804
13388
11921
2079
15136
16620
18026
5359
14939
9779
628
9615
5823
7285
12504
9035
983
4683
13895
16306
3203
6013
13686
4209
11442
1745
329
8718
19887
14936
11099
10607
1956
1824
12848
15733
943
5487
8226
11808
15553
10592
15279
14006
1195
8668
18331
6292
2669
15321
4366
14492
8574
18646
523
3778
16994
19590
16341
12013
4281
1493
11145
16188
14392
9103
19151
3094
1979
16384
15306
6788
11532
6853
6970
9363
2720
6757
18137
11358
1938
11883
9882
4505
1729
17728
743
9338
8960
2134
5772
19221
16486
11175
5964
5139
16511
10760
19666
19819
5352
8091
11242
7075
13372
17920
6767
16435
171
12985
3374
4024
15038
2745
17291
19895
269
10103
2944
5936
6014
6836
17140
7007
2283
316
9261
3505
7678
17724
3054
16585
16603
5652
19514
17428
6022
6753
6564
14153
10920
1429
13734
206
10558
301
13216
19035
8147
822
9419
17313
15078
11811
8824
4082
1947
18198
14468
8086
1398
12024
16297
1484
13082
6265
15076
2374
19209
16847
5945
3753
9174
13386
114
14035
14154
15241
14223
11790
6832
16431
7905
6425
9418
16266
16042
7993
7354
16539
11347
14732
14662
12977
14046
9250
6707
7163
9066
7241
14861
2610
12001
15600
19853
671
13260
4517
3670
16365
18083
15637
7890
11181
12666
8247
8887
10968
1667
2782
8616
17462
1891
9217
863
13996
9582
12955
19450
17825
8610
897
12027
17561
15042
273
11398
6989
14981
12486
19387
693
11916
5754
11983
12294
1655
10994
10890
13324
11034
11768
2786
3233
17536
10872
1253
19397
18740
5876
2627
4041
18413
19609
13387
11448
11802
19188
13398
8576
10808
2575
16594
12546
16310
4336
9940
16824
9411
5671
1547
5428
2749
15128
11869
15224
13020
598
8326
18791
16595
8146
9150
6410
7446
1196
10562
16967
2345
7605
7088
6623
11672
15683
10936
17470
5804
443
2163
12225
4020
7742
15536
15984
1265
14125
12016
974
6096
5330
13329
2468
12700
7284
18339
16645
5853
13214
13503
2704
12719
2471
8800
11082
3160
11244
16983
15786
5989
7348
18640
17081
10959
7566
3363
8522
6405
2975
18598
15149
13299
8540
8973
12819
8879
6422
6258
12173
3481
16228
11312
8859
11548
19423
4155
8218
3659
19916
15490
1216
11456
1295
8805
2263
9207
16981
1244
11868
3949
13893
9996
17220
10170
1002
13126
6053
5140
17131
14617
17272
16999
4248
14451
19357
13738
3768
1890
11446
8870
2676
1185
3382
8490
18055
5788
4830
15903
7118
13779
15214
2260
7212
18233
12674
16033
8235
16956
9310
15846
1539
18117
10158
1529
19616
13438
3344
4420
10923
6308
13070
4442
5562
10671
9958
3070
11955
16491
6845
175
13681
17456
18370
5502
12857
12124
12400
11118
8965
715
10561
14200
12706
7215
19831
1915
17113
2931
3806
11302
7265
2209
19310
4048
1269
14823
12587
8946
8261
5122
15820
4007
14296
4081
16053
15742
1507
9672
18602
18344
13629
16512
4715
975
17277
19161
733
5277
12140
7125
17183
13971
5103
6760
6332
3912
419
6554
3476
6786
7068
3080
16329
2456
7081
7729
13048
10335
15677
2103
19379
3475
18179
3937
5986
9002
11488
6213
3698
11276
8176
2701
4171
16669
1706
1665
18619
2674
12183
6395
12707
1672
6701
16546
8310
12295
7517
5437
18278
7799
13687
13368
7662
19448
12067
19731
253
4261
7979
11066
7471
13144
19664
15805
8941
9733
8081
17400
9909
19085
13719
2127
963
12488
8120
6515
10441
6382
2476
10520
1157
12168
4291
17378
3220
11637
8911
11576
4496
4899
8689
14488
10311
3929
4860
5620
6963
16870
2057
11571
16812
10243
17363
19410
12734
15088
16315
17069
8633
12514
9652
8570
2130
2785
1475
1073
5012
7560
7642
280
3887
18475
1545
10392
6997
11705
4563
1389
3041
10799
9897
521
13086
4021
1349
5141
10728
14860
17357
12970
7595
16157
3916
4142
10855
241
15985
13852
17633
9574
12410
19668
3984
9722
15796
15463
15408
19276
18341
9789
2740
18173
8089
1466
8629
4524
19918
9176
7572
10384
5381
4324
5285
7676
19325
3733
1205
12639
15929
19222
4897
748
6164
12574
9955
13050
16661
12186
6748
10265
2291
5002
423
4908
9588
9559
18307
11620
11990
7223
5378
6229
15512
10805
2265
6790
10021
15748
3852
11511
7606
1537
1283
16822
2766
17551
8608
13653
6656
1975
830
8429
8768
6625
6684
14099
5567
16398
14483
2508
17513
9932
13101
5374
17809
577
1267
829
19407
17826
1420
15263
9547
14168
11892
11427
14003
1375
7516
14570
