15685
18017
6931
3631
14607
373
6776
2158
15290
18049
14397
19556
15743
4845
9406
17498
12199
903
6170
14113
9634
473
8823
16769
14353
155
3052
1744
15264
16185
7705
11879
9819
15904
15477
9384
16081
14345
223
18592
9831
5284
6010
3414
6394
259
16066
10857
12679
3043
2410
10844
15795
14568
19662
4254
5690
7556
13622
8340
7144
2551
1308
9436
12133
17322
4077
5659
18302
17054
19490
7168
18171
739
15534
7746
4004
1617
4466
19547
18069
19040
8811
13938
732
11072
5982
1741
9828
2289
10298
7439
13370
13756
7217
12333
3422
12937
924
5754
5513
10012
19887
6555
15253
8412
13442
2940
8953
5467
5338
16043
3888
3807
9531
795
13874
1171
1218
18154
19163
11550
15438
2168
2403
3626
8956
19873
14632
12121
12703
9098
15154
11264
13195
7578
12353
12695
15570
2920
5326
11303
1795
6938
15753
140
18238
12063
15450
15051
19667
12124
690
16194
14412
10868
10927
5101
13573
11694
5915
3813
4378
13156
175
4855
15157
12885
12067
7534
1495
17595
8250
19127
16312
10584
19817
12070
9616
17480
9412
12951
16944
14367
2470
7666
2444
10674
6956
10230
6830
17895
10596
1384
6185
6510
7908
16505
10922
15561
17114
17555
89
1950
18403
4115
18702
573
10274
10009
17069
3065
19921
9011
4698
17313
6244
14977
1718
11453
8861
14380
4936
6396
6240
13369
18358
12775
4230
17219
13232
11630
17089
4258
7307
17009
4493
5319
16665
13134
3477
3030
10802
18138
9507
12600
4472
5411
15219
12915
16238
9381
717
5349
18501
10218
13364
16067
2298
8169
12370
10917
1221
17008
9041
14498
14765
3638
5294
13526
12169
14026
5593
1327
5845
3362
18915
13443
8735
13174
5174
1481
4238
3083
2315
3084
13730
10010
10894
6131
16407
13782
18368
9120
10538
3634
13416
16019
14782
16957
19045
9431
12613
5839
19836
13769
18600
502
7784
3104
9231
18089
11338
10966
1165
18342
7994
6416
2984
8482
18937
19404
5252
19416
2745
5555
1946
15895
3913
15023
14656
13144
18595
11327
19350
5419
11270
17135
5004
815
6435
19472
10207
18137
79
7867
14442
5421
1654
16871
9099
17261
12934
12562
8969
10685
10879
2538
13887
9756
12935
18217
7738
15220
16410
18683
13801
6409
10946
14532
8632
18398
10905
58
106
6133
11722
3873
6570
4583
16581
13191
294
15900
13829
4194
11991
15652
5914
14207
1447
8867
3698
4072
4725
183
3107
8741
3193
13049
17899
17323
19525
12140
9170
16190
19911
1685
1976
11019
517
9542
3765
8084
2862
9435
16074
4098
12217
6609
8178
10919
13070
1444
5968
10007
16855
7949
19783
6350
2372
8832
3431
9156
2651
8540
17748
17053
16889
2319
5714
19726
9989
5422
2390
12722
9499
8415
8535
17630
11578
1700
17306
5279
14958
8596
5882
9096
12481
17616
314
12006
16333
18590
8615
2359
9633
15941
10383
18377
19285
16697
12198
19448
6296
15888
9553
15961
1762
16203
10833
5533
19186
18982
10485
2320
18690
18674
890
9860
9221
8961
17352
5064
8734
4777
9338
19317
4749
13240
9549
12002
4086
15293
2775
19399
13342
1101
11759
9662
15242
17466
7400
14445
16191
15708
1533
7080
14079
7863
11476
13932
4468
9341
18810
15191
2782
19088
3957
12582
1220
7826
14452
15714
6630
11844
4772
17781
1433
10544
3890
17697
17530
19856
9607
17949
15128
4011
9113
9641
10439
6917
7233
703
7621
5329
15279
9126
3509
15907
17509
10537
14999
7382
18609
19664
7912
2717
9987
3297
14114
7882
13097
3991
6579
11649
10775
10686
17055
1590
9134
9575
18727
6595
14866
9532
4488
6183
13862
8839
683
567
16982
6567
13921
19436
19661
18807
10282
15873
4164
17414
3774
2210
3334
802
14583
925
7572
6954
7729
13718
18738
9723
5440
6882
5053
17821
12500
8666
7107
8508
13989
17350
19382
17297
9519
15880
5070
14591
6099
4308
4783
17402
14774
9836
13687
19656
18035
16510
9805
5767
4592
18647
10543
17390
7112
19450
18437
9853
19012
9675
14008
14708
168
8698
14257
11255
11227
13560
4935
11339
2346
4195
597
751
19407
6247
10513
19140
8402
2869
19453
13471
8944
5671
3217
16543
15000
16512
3656
13245
16618
11937
4190
16160
692
7618
5001
18070
18397
5738
15886
4839
1657
5773
16027
18257
7119
18091
605
5940
15763
13255
419
5122
4364
2412
12928
17506
9343
19638
14327
14060
5994
17665
11519
398
9516
2581
16612
5436
10330
641
8695
9864
11614
17846
381
24
12107
4473
10528
17968
15503
3696
18529
11862
4030
4700
13561
5273
16817
10352
19949
19779
18459
13853
8052
7958
10545
17435
15717
17798
2265
559
19526
5765
10016
10945
14882
15996
7440
12496
9395
9256
13600
7333
4646
9426
3687
19215
19225
9879
10792
17399
8552
13497
11739
14309
2066
11555
13872
14566
18725
11932
6904
4677
10345
8173
14905
19888
5601
13123
17181
11839
13002
3675
18442
7567
12717
16794
3282
5315
4990
7442
9317
15345
14083
11851
17515
10144
9803
6225
2666
837
13572
16534
4136
7745
4171
7943
10816
146
17633
15171
7850
1679
19385
11123
13112
14684
16091
9476
9967
8148
3071
6150
2952
5945
13163
9842
5428
1340
15209
1230
1750
11245
13038
11353
15736
3614
14278
16324
14500
18493
13695
2100
9890
8603
12226
18106
7681
591
3412
14163
5310
13426
10772
2807
7355
7140
15387
16723
5039
5572
4569
9371
18588
19829
10209
14029
13085
3919
13613
3521
7135
3049
4892
21
9758
9619
11101
10730
11421
5157
11873
14074
13490
10626
17446
9581
18873
16485
16605
14629
15383
2648
16339
11908
421
3409
18813
1835
4721
14469
8998
8280
19677
1388
6842
15799
6951
12281
19027
2697
15126
19373
2031
787
5023
9608
14098
9433
12549
3366
10250
13700
15744
12426
17092
19128
9069
17695
4082
950
11201
8502
8991
15518
19628
19228
14219
13013
9557
18696
1375
2704
6413
5694
8341
75
10495
19025
3175
5099
6252
4738
6731
6025
3251
5335
10219
11637
10087
7191
7877
7632
2138
9563
9746
2737
4169
1175
9193
2208
11516
16925
9747
18051
13885
2992
7411
74
17887
16822
15639
3188
8658
7638
411
1482
15083
16540
18547
2872
16555
292
1899
10961
756
10303
14192
16671
12024
999
10608
8352
19657
9377
16678
7129
13419
137
12138
10331
470
14374
9478
17416
12576
16427
865
18894
8976
8012
9482
9361
15818
938
3246
1828
3283
7322
8703
19713
13395
15048
2076
19578
2433
2054
166
9873
10646
18809
7861
13327
14460
15310
14430
4276
16321
5362
5889
10216
15876
12194
7603
12900
11983
11486
97
19608
5133
19727
4415
9390
9946
6764
14674
8515
5999
17597
19375
6598
8321
8571
12989
3091
18135
3068
14933
5585
8775
12394
4245
2262
11343
14148
18424
14661
18682
4499
18902
18095
10714
18246
5693
4001
10162
712
8997
6303
3016
14994
9907
9184
19164
12727
13375
18828
117
8542
17976
6527
13444
2649
7695
17637
18052
719
16180
12327
8222
7229
12469
17017
18998
2043
16753
17522
4227
1641
10293
5687
7489
9593
1905
547
12497
15094
4557
7517
19808
12179
18419
11443
2481
1120
14144
16473
4408
1074
3223
17208
4743
3355
17721
18155
14449
1431
16708
19091
18645
587
5933
5778
9413
5136
8220
18597
16829
10409
8668
6008
17176
7346
7523
5320
17062
4657
4833
19825
1493
10731
17294
13832
4174
10825
11231
19358
19190
9572
5596
4624
1328
10097
17433
15315
17995
16279
18751
18514
3862
10406
4789
10347
11805
15044
9925
12192
19096
9648
6843
19730
13220
7818
8895
9245
6433
1214
15502
13479
13120
15901
17572
2421
15576
1247
15371
19516
3976
10978
10759
1647
5100
12421
15805
10127
8085
3410
9908
5176
6605
982
17117
15267
19548
18076
968
3557
13761
8238
14044
8729
1333
6553
7040
12323
8532
17228
8779
16564
13633
874
4917
7788
18688
8799
11708
2580
3041
1999
16530
19431
10937
6348
12149
4455
13267
6911
8304
6274
3700
4735
14601
13735
6871
1842
14057
7732
2642
10334
3327
8031
14920
4927
13101
9912
8175
18866
7305
18526
17672
9698
19446
13604
16046
1769
4642
8905
14669
1052
12781
15973
18073
16189
5373
17576
3569
8160
7257
7581
15416
9898
10145
12820
6852
4255
9055
5906
2908
4962
869
16453
17741
11032
6239
5302
8674
5381
3519
17366
9591
7013
18985
6673
5461
4618
2406
18845
14234
19230
8034
2757
18496
11297
17264
48
594
10408
14035
12767
17526
10400
7091
1538
6451
14462
17766
18849
6850
1349
13659
18554
3756
15428
16653
4856
8787
18254
8878
16772
1392
4514
6238
15129
8808
11
4567
640
12317
18527
2314
12979
19594
9707
3155
10760
7714
2665
1623
11484
10296
12461
4091
17563
6242
18763
19769
8339
14545
15779
7324
13203
2966
16325
15783
16452
14216
7663
11633
14737
3758
18289
13394
3438
3657
10360
1592
1775
1701
16286
13844
11791
4821
10059
11885
17779
12738
19111
4984
9427
11583
8258
9044
18502
18650
3039
15287
13696
9539
10818
10397
18213
6896
13500
18185
17783
15361
5811
8377
8657
1125
4485
2005
13447
15449
496
14194
9035
7672
17753
6680
814
14243
19037
18101
14111
2856
14511
7580
14226
1637
15141
14131
11845
662
1952
6428
7804
2785
6944
10428
10882
7297
5657
10874
902
5240
11263
8195
1029
14855
19719
18296
19418
6858
81
14930
19010
14158
2842
6958
6624
4439
11984
14822
15202
5300
4375
3141
11056
5049
7548
15512
17057
19144
5929
7968
18831
19591
10755
17705
3567
364
8063
10643
19813
7286
707
7566
19586
15478
3313
12413
16198
3106
10854
12012
9265
4607
122
3408
6665
2979
9473
11538
7878
4508
8332
5430
14106
14155
18210
2082
14484
9972
13785
4823
19710
13009
15148
8229
14564
1810
14476
19227
6372
5881
11926
9230
9738
4319
16640
16131
9996
1704
16149
6142
4517
5885
6039
2088
6389
10729
5530
9217
18741
15936
14562
18692
11321
15588
390
9691
9792
13809
3333
2987
623
14641
7219
16685
1140
17852
17071
14561
5743
17268
5862
19240
4933
4460
11120
7614
15749
19823
7407
12431
6634
13649
16374
19928
17717
19364
4112
5561
1549
11711
14085
13913
9279
14524
432
19642
13650
535
2123
8349
17497
13386
5409
18837
4283
19538
9859
5990
5728
15295
1985
7366
2829
11677
13996
12093
10737
12794
19756
12534
3764
17431
11061
18290
5525
845
3844
11758
13158
17270
15080
19357
8523
13487
3258
3051
14847
4393
3126
1872
4146
1876
5590
3969
614
12265
9540
3015
2188
8704
4218
16109
1297
18833
10530
15569
6441
8002
15482
527
10413
18241
10143
12644
1117
10080
17719
16026
12443
4217
10239
8338
12725
8600
6258
5536
15420
8805
12859
7075
1555
10713
13816
5609
8426
14151
16283
19372
18752
6980
12311
15464
9882
6853
10234
10728
1656
8751
9715
12455
6095
1712
2127
779
18535
13110
4537
9858
2678
629
9560
11877
2211
9187
17357
17131
5331
8225
609
2603
8027
2833
2562
18312
18236
8055
17182
4819
5484
6840
9087
11026
6766
11442
14777
7066
18401
14473
18440
18250
15074
15776
17243
19376
6307
10662
5703
9039
16912
11741
17275
3623
8599
5021
19211
10872
3244
1305
16956
5030
9963
9883
5047
15093
11502
17046
19065
14275
17028
13389
9863
19791
9158
7897
8369
19308
4960
18762
16320
17124
9875
6086
16168
17410
7094
17816
2429
8243
2296
1512
19302
5824
1979
1287
17282
4863
7728
18175
13537
16326
7464
206
8315
2585
14090
2502
3618
14658
7625
5052
19511
272
8757
9133
14563
3381
2420
5757
14805
5926
17438
10187
12750
19236
4910
1631
14285
6534
4198
11313
14174
13295
18130
13745
1485
980
2090
19488
9674
3399
10088
17382
11661
17593
545
1694
5680
11242
249
1147
10920
6162
17370
17167
5038
1092
14525
2832
7502
19316
12698
10212
4967
2400
17157
139
522
4243
2273
1212
14979
14094
8856
19422
2895
10105
2881
16259
15792
9353
7900
13762
17639
8980
4736
11916
12577
19606
6366
10847
11943
16851
19284
752
1655
12672
12450
10286
10260
5902
8388
10968
18218
1142
10189
4244
3240
3074
19331
1650
13048
14429
2766
10828
19932
16553
10943
3882
1055
10664
12214
4660
627
17536
14486
13491
12010
6698
5278
19146
7476
7987
16308
8343
15709
4763
15422
15323
798
8267
16423
15786
19990
6991
2887
16454
17201
14514
4545
19384
12167
16038
7793
262
19004
17743
19669
12491
6610
8119
1903
9671
18225
15414
929
5625
9453
1296
2255
15146
13007
4148
11428
12535
8163
1831
14039
7192
10651
14305
13449
11349
7250
916
8181
18330
11389
855
1728
2608
18816
16154
3369
15298
7834
8362
17712
10294
3457
3985
5947
5663
10566
1767
11645
2092
9672
9631
13248
562
5418
8287
18362
17598
17331
14717
1776
6073
1408
191
14407
17642
12502
9348
4151
15119
1334
3853
5006
7485
16622
19909
962
2595
14211
12730
16677
7893
16401
19858
12284
7303
10698
12182
710
5547
5965
15398
13250
13569
11289
4017
9117
19583
18989
17317
8040
8199
2836
2996
18793
10669
15014
9082
16577
4968
4656
5442
10490
10170
13704
912
15943
14804
11901
18183
13987
18438
15258
12953
5244
360
19920
14540
121
4865
12212
7113
853
19145
3841
13396
1933
4522
8367
16756
11799
14364
5399
6035
18333
19467
2364
19763
4527
13281
10002
14816
5470
18416
9031
13042
8305
16913
4005
15120
4081
10302
12926
6708
12211
16222
5544
8395
12640
2310
3584
14145
12942
528
2793
18973
7884
6483
13575
12619
556
15598
10024
5187
19518
10560
18310
17713
1832
6075
6248
13225
4390
16381
14653
3940
4553
14862
12208
4577
7576
5624
8112
17511
10468
12486
8366
11152
10599
13362
16608
5867
3231
11109
4387
4489
6411
12081
13415
800
14493
17002
15105
16561
19130
15535
5096
11112
7056
4026
14292
1072
10178
10880
828
8065
15270
14896
15029
6722
8986
18811
3488
10450
10508
11640
15065
19622
11178
16358
7016
10465
6611
8076
3945
15641
10771
16377
7637
9545
18842
1883
13570
4989
19365
8161
4498
13222
9201
16332
6382
12079
14903
4550
16843
18013
15379
15260
4703
6633
11884
1710
4268
16162
6645
14497
19844
14880
18410
6687
13743
6060
12027
16576
14904
9736
17792
14736
5437
16657
13509
5766
11136
7845
4574
15400
16245
1765
15028
2342
17274
12433
13638
11764
3261
9103
14470
1083
18607
4046
11772
6888
3079
8822
14164
9480
2170
772
9084
16463
6502
11221
12285
435
11002
12076
14931
12078
1370
19173
4864
1761
6761
6869
11579
12877
2181
14638
19307
8171
11668
1264
4211
620
7505
9948
17600
2810
2790
4787
6283
2172
8394
13067
8458
2179
17667
10112
3954
17044
17232
10367
4386
15835
3713
1608
17045
2224
5795
16110
4476
9785
3250
2415
157
18695
4860
13344
15881
14328
2002
14559
8512
12737
267
8563
16380
6349
11925
9459
16284
15352
18605
7889
4372
9219
3345
17426
18402
14431
1996
4484
8763
12355
17720
13502
8712
10129
13413
4312
8486
14600
8425
2529
16591
5602
13792
5911
7881
18215
11665
17646
18885
9038
11857
8177
17194
12872
2322
8560
18022
8492
2931
14713
16686
17040
3560
4031
19287
11968
11929
11193
6430
13680
3769
14506
4730
3649
4435
4578
4757
3505
16643
3132
1429
1731
15198
5127
2844
17960
16177
14829
376
19943
3981
11496
12147
17320
15917
11099
12539
8493
9053
14409
4084
1573
6141
8107
2035
15508
2057
3806
4831
8946
2141
4134
5166
10154
9630
8241
9552
217
18787
8057
11944
2989
11769
585
630
5020
6620
7993
1537
3117
16152
15288
13703
176
11409
6082
4625
8881
19151
17336
14824
4130
12808
10621
16248
6685
18825
16681
19523
6506
15059
18212
11186
9928
13330
2236
13132
7909
2690
14534
18672
11757
18983
2982
9627
16156
17010
4250
11367
3137
9711
2943
3946
5228
3232
1062
7463
11441
9066
1474
11271
4740
15050
3027
16707
7082
17556
5364
6613
1420
14696
7283
2106
14390
13957
13477
1993
3718
730
8677
11362
512
2196
5022
6792
14250
13496
6386
17905
4120
2607
15887
9798
18999
15572
6697
9625
824
12465
16431
11012
19963
1954
5565
11508
6119
10985
17499
153
19865
15638
6045
12795
18256
19897
8691
4389
11513
8749
16213
9246
9894
10156
12826
11850
10762
5317
10306
6798
13826
11212
1067
10430
16798
8951
2509
19167
14891
17022
5871
10877
4237
6779
4653
14832
16315
16556
2266
458
9177
1231
10972
14867
3112
12541
8066
16255
11961
17007
18077
7415
1309
15138
14697
7495
6037
10901
14286
15159
13779
15726
7244
9920
12495
19262
17493
6883
16604
15373
11781
12145
16274
5378
17650
7862
13557
15036
3122
6338
15001
1434
16125
5045
179
4870
19501
5580
15069
13736
17704
8093
1252
6154
4103
775
6874
11356
5831
9149
10944
3962
17944
18467
8419
5090
5336
13336
2393
3061
12745
15440
10120
228
13041
16883
14386
15554
7608
1917
17629
19707
9897
7536
6501
16078
8564
13830
11329
7376
4208
16132
12690
13096
16484
9179
12612
10515
17684
7024
10974
19951
2654
10534
4044
15496
6124
13233
651
14727
3200
7414
12498
12173
11888
8518
6913
13793
2684
12361
15284
1041
13393
12207
16875
6786
16017
14471
9752
1017
36
2151
1361
1559
5110
7599
7701
2253
18759
4331
17284
5341
12691
9171
12601
317
14516
10098
3406
15962
12405
10085
6345
18758
17957
7172
1770
14801
4944
341
18591
14594
11691
5977
8438
12752
14370
10402
11899
1404
10509
1239
17856
19998
15970
13902
1962
12115
17765
17267
5827
5492
2570
17969
1082
864
13082
10166
14574
9012
7263
18479
9988
5562
5471
11067
19743
19386
278
5777
1073
5761
8686
1150
6746
5808
16876
4325
17659
8700
656
11175
9913
4895
15276
13617
2099
3400
10073
19948
12518
17487
1132
6807
15367
4827
18790
19054
8441
10809
11717
10222
4154
8043
19639
3830
8355
951
13273
6038
2029
15100
3650
6166
17742
7524
13117
6657
15986
16781
13545
17620
3492
15697
1884
13737
5088
9614
13959
15335
4038
18124
19674
6822
14413
10015
6934
7689
1564
2798
12477
12995
8514
17072
4979
5950
10719
4191
16227
2698
11802
1304
5670
10977
13594
18930
2563
3420
14049
4879
12235
5148
16692
10789
6548
15643
9445
1591
12729
156
15058
1998
7005
18067
6392
15856
8746
17359
9086
12627
18411
12653
6346
14611
13629
4654
1785
5376
4192
11124
11438
4374
13571
252
3598
14400
2028
8966
4686
16385
6358
6482
8694
2417
19952
18761
5435
5927
18836
2789
19333
19202
17029
1880
3407
4758
10019
12516
9811
112
6288
12914
5685
10403
16396
9042
1904
15595
3031
664
15831
11594
5332
13719
5813
9892
14704
10724
16384
19899
3318
7631
7671
16684
4566
15614
14290
11730
18551
14022
6002
10072
7799
12621
14771
1619
8520
2980
7019
8762
18227
14620
7810
9495
6149
12707
302
5534
8232
19271
18371
130
7162
15431
12229
10987
4492
17539
12595
5264
8550
16834
4866
4234
8042
1503
7458
8806
3024
12224
14231
17778
11569
10834
1974
7281
15705
8242
6727
5953
19298
1470
17102
3219
11360
12912
3179
17872
8100
1039
8264
5804
4606
5126
18146
19773
11220
10556
18743
2870
6591
9659
9615
8610
11858
2019
3167
3838
14881
11956
14625
12187
18190
5444
7401
18593
17408
19063
7892
13483
6881
17724
3986
1008
5134
17386
15804
19696
5117
9610
2770
14009
10813
15923
12883
4940
1894
15879
8497
11119
19650
7310
7498
9131
15471
13694
11168
5887
16138
10265
18452
1463
8262
13858
12704
10398
18654
18786
12446
3643
8203
13536
1075
5061
5689
19581
5582
12075
17801
28
6467
8059
11030
16084
250
1820
8474
7053
2366
19306
13775
5782
17955
6892
14289
5563
12008
4155
19653
15548
15055
13258
7589
13367
10108
14337
2638
18997
4494
10483
19166
6487
18464
8774
9368
7664
12337
15443
7441
2598
2000
11965
16226
5866
11390
16239
19687
15750
16064
12188
7699
5309
19310
18570
10453
3489
16975
3171
13672
3428
14936
8933
14643
18369
10821
10693
9328
19685
19279
12825
12503
19275
11709
18953
17205
18020
878
9225
14214
7103
16166
4486
10519
18018
5248
14722
12894
9574
9786
8137
10788
7427
12630
17519
9342
675
13363
8609
2264
14281
9218
19884
3965
3413
1997
14690
8134
10845
15308
610
19875
5081
10148
4317
4732
9224
9424
7783
12719
12997
1160
3230
18004
17669
13354
15958
11191
14914
9367
11683
1487
16281
6062
12925
14416
18372
18963
12090
4159
14714
12218
6528
6378
7280
6559
10474
8923
9070
12605
10826
11880
18046
16795
18911
7931
9732
6626
11047
142
2388
5939
10335
19761
16158
13583
5573
6781
10469
14228
13981
731
6245
12526
4554
6480
7975
10630
2586
10161
11246
4251
19303
14945
16926
532
3980
19266
17001
16916
13994
433
291
2439
14142
2174
17845
7677
16914
13841
4309
11372
4119
8857
18094
16287
9681
18509
10261
16848
14597
1607
7474
6825
4972
19104
14398
12659
15649
7685
3662
2407
17250
10680
12528
6100
4582
19892
19945
12670
2685
4111
13758
16451
1618
7007
6544
1766
18877
4580
1199
4948
1319
10279
8689
17756
1911
16567
7926
15466
3317
17546
17535
2243
16571
13926
11581
19634
12699
17103
6542
6109
15181
4848
17225
11014
16717
18858
14325
2244
3817
11429
18841
18207
2056
5287
9889
17129
16257
6935
3081
1217
5633
17786
11643
15840
11670
11704
12470
15738
14070
12086
616
2462
4002
215
16906
16014
2961
12941
6550
10546
18748
4398
8097
1282
226
18519
5684
16118
18661
11898
1585
10150
3178
10933
3611
13753
7720
11451
11837
15687
4891
16660
5920
18255
19505
10574
7410
6594
16058
11318
7539
16962
18517
4172
13378
12152
5799
14677
16372
12197
5650
11861
11511
4634
11150
4716
11604
12332
14892
2286
14450
15106
7807
11134
164
12651
8877
13460
4157
1823
7483
14332
1602
5304
17437
11355
12119
18561
17813
10511
10316
13596
14748
14220
12734
18986
17475
9306
4981
8448
12544
4013
4905
14240
5740
15179
857
18055
3498
13733
15063
11309
5232
10096
16747
13350
15990
16550
19313
16971
6180
4775
19396
2121
2576
1802
4085
13430
18474
4886
5106
173
10358
17474
1499
19933
3724
4946
15235
17857
9297
16788
2973
13528
3350
4776
15751
10171
8800
8165
11692
2228
18453
13992
6940
8086
5115
7928
6702
10188
2434
6321
10954
14157
1588
6891
18349
3291
15454
12105
18641
145
17223
14200
8664
10812
2630
18399
3442
11139
6196
2560
7319
276
1076
10341
19652
11143
18305
3902
11612
1963
3234
10446
18976
3613
4699
15491
603
15229
2329
1803
17380
15495
10986
18160
4481
11803
1909
2861
4403
2039
7079
11299
3166
18028
13401
12557
2285
6254
900
4447
19291
5214
8141
15366
10319
19199
1242
14926
6608
12372
6431
13027
15384
2117
14235
19212
11308
9602
11013
3500
3943
14973
9915
16759
18299
8957
19919
13590
12689
670
5034
8079
19560
6061
19213
646
7583
10550
3482
8754
17865
1099
4713
5062
4463
5139
16466
18736
12051
17787
1002
5380
8730
19026
4487
2096
13619
4109
17252
4971
6498
13292
12731
9639
1943
3761
3513
4694
16647
8288
9731
11468
11049
6330
9721
16774
7866
592
9309
14203
11546
19021
18204
17119
755
18489
18865
9088
3310
13640
16395
12924
19300
8633
9420
4421
15153
4015
10681
207
19019
18627
1967
4471
8129
3056
11920
3622
6165
2313
2279
11636
12274
3998
728
11752
11905
13072
3142
8316
7147
14740
12057
7962
7500
1424
4589
7948
15862
4358
14165
18996
5503
17112
2471
17662
12040
11394
6507
7941
10520
18898
16514
9417
17706
16107
16799
7824
19457
2898
17796
5168
5551
8816
7616
2183
12749
563
17489
16662
15403
15096
13324
6688
4353
6076
3893
3663
18136
13289
9373
5852
16144
16039
3336
16987
19759
9806
3461
12832
9866
7696
17940
3456
10952
17885
9148
13555
17815
8404
9252
782
2118
362
13563
11881
5246
11603
9418
10823
2851
16421
18993
3453
7276
4542
2051
8862
14970
19770
6134
10466
10518
16307
15583
1596
14318
10318
2365
8121
16161
18465
1079
5011
17083
14648
12891
8656
5819
19459
14298
17260
13320
12643
16242
129
10539
8320
2779
13408
7208
14308
19997
10644
7430
3376
622
13171
8631
7335
9019
16318
19886
14844
16448
4097
9565
4709
18360
10243
6126
15600
6660
12868
11234
5386
10244
1306
7367
4754
1176
8016
5630
16845
15617
13482
15282
13772
12962
11431
18348
17405
7342
5458
7023
6317
17207
13029
2722
16884
5879
15683
5129
1857
11007
11641
6848
16840
15337
14636
8670
9869
16536
12213
19739
5698
2268
905
17690
17377
1727
11906
3577
7254
1441
5056
4702
11095
8597
11388
4246
17564
1990
10637
14750
2653
3740
10604
17076
438
15228
18105
16389
9724
9405
15742
5707
16413
1575
2069
15842
12191
595
16782
8456
8405
19409
12779
16237
18766
18594
10422
6461
1048
18853
1469
8331
4313
8499
11679
17088
4020
18720
16068
3932
952
3222
17795
9923
15002
4330
10285
16952
15349
8687
19038
17288
935
10292
2371
570
13754
8724
4053
2997
7326
17679
15193
248
7048
1086
6810
16422
3332
3387
6752
16573
1489
5858
7898
12636
8868
12693
10281
13464
910
15870
4419
6929
15060
15092
4613
8530
19861
2724
15702
975
15101
15213
9824
8525
11292
17132
5576
18950
13121
3525
16868
12434
14749
19293
13424
15353
8860
10149
10778
4767
2679
3467
5274
11539
15802
18643
5199
9106
13462
2847
14366
2728
18726
18919
16351
8898
389
10712
1360
4575
13484
3239
7843
886
9128
2579
3265
18044
13218
7035
3224
274
3624
6344
2917
4446
9978
13061
15319
1705
9169
5928
12223
19593
14465
1390
1215
17211
7309
15727
3257
747
6460
1289
7256
19237
19640
13702
2190
1849
2323
118
12702
17343
19232
10506
4228
793
13882
19362
491
476
17647
1398
1848
18962
447
634
3186
4142
15536
15004
18687
6924
7357
3000
3499
1689
8854
17363
19280
10852
1980
15555
18029
13595
10851
5466
2582
14212
6250
1528
15038
17784
1584
11959
17110
6200
11378
11663
10514
16113
410
6905
17758
10881
1410
10747
7453
5541
14267
5095
15421
19270
17835
9834
19750
5202
12144
13567
3271
8936
12042
11934
12764
16532
132
2715
6072
843
8660
4293
2357
15772
15245
14020
16360
19557
19683
9829
17883
13748
11385
10348
7688
15815
16297
11493
17583
6939
16811
17023
13776
6265
11377
11825
19250
14732
8155
11110
19984
10924
2857
10193
467
7640
19455
8353
12083
14694
6974
8125
10404
3003
1708
12440
17003
14550
19238
17033
15052
770
4888
1577
672
2855
2166
2565
10797
4089
18995
18753
1246
15927
11330
15035
3300
8566
3795
4179
5426
9655
1930
18187
18857
16689
18539
11166
19619
13116
16089
7558
14925
7466
10419
4893
15089
4279
8432
12462
2442
19235
7420
1250
15185
13812
5297
15722
1717
19022
19159
11010
19680
2976
4373
7802
9692
8293
12134
1960
13147
2896
1702
1352
9815
2399
2773
7794
1521
12662
7543
13302
11589
3044
13146
8049
2846
17900
18407
13149
15328
16436
9951
3395
12599
1759
15785
17797
10312
15216
15090
17094
5268
6855
10527
11132
3411
19912
15322
17850
990
19765
6024
3321
5229
4432
9945
2432
18872
6281
3607
18782
5018
1085
1372
12375
8487
7009
1406
16785
7982
1240
18266
10455
1681
15011
3146
19133
16903
11422
11073
6156
2516
8303
18601
15199
464
5354
4029
11930
4515
4681
4813
18159
1597
836
18573
10764
16056
17986
15176
18956
12023
4090
10496
1367
9359
5591
5343
17082
14458
4417
8992
12878
14909
8637
9901
3647
16247
12886
9577
17577
159
6117
10804
14800
2531
15844
18431
7227
18252
319
17276
18460
17169
9029
10226
14459
15966
12591
9839
17052
4143
3578
17299
14949
1781
10498
818
10701
12931
7806
14720
13214
489
3644
14330
18090
14051
12681
15911
17030
9325
1875
4177
181
11350
15480
9718
15204
9788
13421
729
8852
696
6631
5172
1284
6289
10152
1006
11532
9275
15439
17945
2513
2261
3938
18389
10895
14772
108
10529
14897
2252
5592
15452
15432
10185
13620
998
7352
15609
11352
11533
15246
3612
3364
5293
14938
7698
10438
2018
12100
12294
18882
9192
13402
13349
19326
7104
5448
2783
2491
2637
19158
3356
367
5431
3270
15651
15479
9729
15620
15752
12957
15664
2988
9355
14830
1155
5721
16355
17106
10940
18045
8253
12836
11028
6921
15533
3264
8256
9984
82
12242
11480
4075
8003
19916
13875
1144
15858
16121
9152
8780
18482
11306
7373
17847
1255
11607
1471
11986
13965
14877
6863
17248
19476
19194
15009
11864
15699
4849
15718
11173
7516
14087
5708
4114
12111
7468
1866
928
8039
1568
16199
3452
17904
1026
9284
16572
5058
7296
4032
16917
2448
14664
12898
933
8513
14072
17116
16408
12922
11919
3233
8297
5526
3391
7496
9509
9107
1703
7372
8900
15869
14134
617
19692
3895
9253
15981
7242
8824
1108
3109
17065
6790
13113
6770
3803
1477
6572
15861
10146
13188
1788
13806
12157
4124
5414
1668
18271
17547
18884
19778
607
15728
11283
12482
7459
13133
9365
12657
17051
13018
1519
19185
1643
8036
18917
7349
7999
5569
10304
15355
3746
4067
16020
19454
6941
5864
6523
6164
15872
16980
6659
15916
12964
9129
10333
2
9327
17580
684
12741
18550
18942
4475
104
14395
3066
8365
6305
15296
19744
6552
12772
2738
13610
16010
8576
18984
14711
5505
10835
11345
11775
6864
5794
3852
8990
18477
5262
3591
15197
3025
16322
19966
11089
6778
18665
2404
11841
11340
11627
14046
7461
17137
11129
8794
10177
1166
15564
11931
10056
10558
5258
1553
8240
8120
13051
6148
542
7920
169
711
19112
19517
17755
8607
2877
14300
10013
5798
7175
833
3012
6001
15117
892
8289
4737
11763
17933
4188
2792
12305
14417
17611
5797
3326
5517
6519
11765
16727
12667
635
4242
8228
12515
6205
9952
4610
14403
12540
1090
6737
4407
5306
13069
12071
5123
15487
1009
16726
7467
9404
13927
10660
18575
11182
4961
4593
3549
9288
1322
830
16544
8669
3831
19068
897
6564
6692
9196
19780
3766
11755
10790
879
1801
2213
16592
17361
3929
16761
2863
4222
6125
14001
12618
15825
13722
2731
1163
9078
17096
15486
11761
16193
16233
7314
1118
3593
5988
7646
19852
16489
18485
19602
16687
13357
231
13168
6811
3189
15640
17979
854
1385
13270
19554
11185
18495
2351
4894
921
17605
4605
8445
1364
7110
1506
10288
7330
7248
1382
7855
3302
8847
13770
14604
12635
9790
19006
4335
1148
5833
10777
17927
13532
647
11566
16487
6327
11103
1676
3006
6309
15474
1461
12162
16509
13968
9777
6693
5969
5353
16818
14071
12267
988
3228
14787
19117
10421
4007
5178
6669
17527
4024
11449
18587
4817
19588
10620
18334
5764
6787
6320
11272
10717
12758
8336
5234
12228
4695
13849
13900
5241
14947
3288
11786
14137
15857
4942
8601
8158
5763
11506
9538
7771
17302
3621
11988
7325
51
8551
4966
13264
6877
14921
19074
2652
3170
13445
9583
11654
11656
15081
17412
6456
13831
3158
16356
1541
11832
4425
7052
11198
2155
7971
14356
15049
13691
8235
13777
2316
7216
14119
1202
2743
10619
5314
13182
19442
3944
8188
7358
15673
14277
19842
17483
7323
11439
2969
3260
12960
6749
13984
2661
14343
6824
8962
3281
3653
10993
83
10902
6525
13715
16941
11541
57
14293
14590
2787
12907
13183
9751
1609
4461
3397
10305
12383
16631
5956
17378
17233
17263
16929
15993
15549
7011
15067
2771
11804
13122
5832
2185
2132
17935
2723
14108
16503
6420
5270
15619
245
18336
11995
7512
3325
764
7643
12415
3646
19729
14586
18433
13242
10077
11331
8146
9959
5812
3221
13241
8889
5801
19402
3298
16032
5170
10119
11629
2656
11793
7751
13834
14306
14845
11707
15756
8030
11070
3922
6206
4354
7044
18143
16182
14907
6334
13850
15616
9394
4184
19846
15794
2894
14000
15302
6689
12603
17542
11116
2633
4033
6894
11064
17752
3460
5665
2204
14043
9501
12790
16639
17464
6481
11039
17688
8324
11357
11157
3904
10948
10180
5108
17404
10907
10932
12174
12952
11746
18429
15994
677
13099
2218
17963
2594
18940
19785
16044
16127
19222
10385
397
303
6401
138
15725
6279
11122
2104
7508
5146
11465
19101
12148
2600
15731
6088
1019
12943
15162
1012
6315
16780
1826
16171
17825
12694
11886
9818
14781
14034
3493
11819
3526
17906
3931
19794
15338
1192
1931
6812
7896
6337
299
13534
18297
11399
471
10647
39
6146
1253
6747
2452
9189
10084
941
18068
16978
12978
2331
12780
18126
12164
15796
5941
4462
2463
5008
13472
9645
7563
12184
19689
12733
18384
1378
3826
11417
209
9642
19214
1141
322
18203
2058
11354
19629
1838
15741
6854
10199
4590
13108
18729
13011
6253
5010
2662
8533
13053
7090
4178
17625
17636
9999
10583
4197
6578
3948
7028
4828
1203
2175
12639
14612
17516
4674
13023
14517
16009
19531
11822
1397
1551
186
3527
17867
16310
453
8708
10526
15427
3637
9878
745
6879
16429
5233
6445
11205
19354
3958
15350
13788
8018
1332
7465
17573
13625
19731
18319
18757
16744
4430
1326
3444
18303
394
19507
12545
13848
10794
8534
8313
5521
12814
16623
4614
1988
11046
426
1453
13815
9816
18789
19051
10912
16820
9993
9502
867
7816
3486
13187
5305
19678
13507
18184
14066
15520
14665
4594
17304
14894
16974
4467
17411
4223
7146
15046
11626
14433
5967
13143
14007
1064
15624
18773
1566
791
7188
19204
1858
5197
12555
16771
485
8653
19323
4708
19540
5535
16762
13956
12436
3880
10356
7187
1467
5964
12917
16359
13711
2326
709
13916
19704
9250
12407
13254
10564
12479
3292
17259
4377
4100
16832
13603
5640
7654
10359
9228
14081
9807
2692
18516
4347
13611
8641
8284
14803
5337
6028
11882
15195
14542
11842
8680
2301
16172
14581
11144
19737
8174
14016
18826
8211
15662
10875
16086
7831
14025
13827
500
13699
10380
11600
505
9998
11298
6758
1161
12840
13741
2428
15703
10873
16342
18301
7300
9458
305
1983
5566
19248
17694
16036
1488
5995
15635
17691
1259
9938
2159
6151
9962
11412
16216
16830
5350
678
11883
3832
11927
18829
11945
6063
6438
17683
19610
4006
11128
6213
6801
2760
1430
11398
16186
889
17923
14479
9590
5483
16867
14508
18533
8655
6043
15079
13063
6217
12536
6175
5298
4877
3784
15
14005
2064
7658
14898
3706
10997
7777
1628
15655
13884
976
16584
19290
10124
5771
8538
5260
11611
10118
10214
11990
18568
9494
14474
6907
13065
17608
16406
13977
12202
16059
3181
9821
4697
165
8095
9294
6666
7444
2786
15689
8183
18626
2696
18177
5987
16050
15458
31
12404
5167
16411
11091
14981
1742
5352
919
3070
8035
19352
17011
12683
17130
2125
14691
8983
12743
15084
16192
17327
17091
17740
15017
18484
18888
1908
4945
3755
13538
4678
1957
16202
3559
5639
8045
12363
12378
14432
19067
4388
18948
17666
14181
22
6474
3654
13740
611
12263
6284
11977
4282
1235
12604
1653
8152
9059
4397
1096
9109
3254
15682
3735
9488
15686
9703
4411
18895
17424
19545
7965
813
5142
257
17545
14535
3373
1201
5792
4909
10976
12511
5696
2867
4675
8835
10503
19668
19838
8510
4952
3827
16725
4965
16206
6055
17342
1343
5224
5303
17869
3777
16207
11206
4975
3101
15289
2344
15850
10451
16005
19697
9062
14499
4518
13725
16646
11681
8647
13644
15538
10373
14579
43
9926
13465
15940
7827
19420
4267
7887
16511
8485
19178
3658
12101
11537
14547
14050
4993
1063
19691
412
12602
18441
13114
7142
10720
6187
10955
3035
695
8007
15448
1001
7469
15451
14626
10113
12065
13452
15305
1576
4906
13151
2953
19931
13045
13954
5
10691
12146
13098
16002
7886
5203
1290
11936
5363
10913
11830
2702
13974
10748
15932
2597
16716
11018
14338
11792
8023
16265
4604
10467
17379
16819
8317
2823
6767
14798
5481
17128
1301
15489
15082
11771
3497
12112
19039
9985
12221
14962
2006
18806
5406
11788
6755
12778
2914
16371
6087
3909
4998
2478
2853
14631
8164
10926
12143
2408
7022
14175
19814
531
4808
1110
6859
4666
3196
8747
12072
3737
17829
4095
9452
12398
7004
12201
15250
2423
13593
13689
6111
8231
13231
14248
9118
16440
13893
8527
14886
14522
5299
18284
14299
10738
32
18921
8312
15807
13631
1912
17230
3197
19070
15283
3582
19438
15377
2340
8259
6652
8151
6586
7311
19857
14990
149
18791
12987
6829
3950
11585
10967
3816
19738
4050
16311
9258
14596
15114
16548
2294
16093
8122
3247
11456
9606
15201
12108
1233
8109
9269
8074
8214
2891
7825
2680
19621
3741
19001
3194
4511
5452
4898
10006
2306
15175
4413
13466
9207
1342
602
12028
12884
10696
7451
18009
13028
19872
19277
3839
5334
7045
9132
650
974
12463
3374
311
19374
1435
16445
7829
17938
15826
12956
6336
18922
13315
6173
13918
10910
15778
8872
16035
9772
5807
688
4035
11003
18102
5549
13671
9794
16856
1131
12851
2921
4453
2084
4042
5942
872
16169
19988
14360
14553
4054
494
9830
8130
17406
725
1112
15891
5985
19508
19161
4973
7668
10372
5523
19187
19553
2599
2777
6930
18003
7003
15675
3792
10365
17875
18847
17266
16954
18414
13503
14911
4868
13616
11482
2025
3811
7764
9150
12082
15773
11376
2217
5360
15661
7348
10111
13891
19695
12815
3974
4612
12171
19246
1692
17687
15066
10427
6959
13820
16735
13580
13179
10116
5325
11522
10363
4816
18938
10029
15359
5520
10692
8306
296
4710
13817
3423
2219
9801
19942
13697
8495
16299
8782
9678
12492
14791
9547
9266
12988
2396
17242
16049
1187
6654
4842
10182
13190
19485
12980
4428
7341
8202
1525
6540
6582
1095
7635
16486
4427
3389
767
8108
5571
7989
10700
265
18887
6155
19766
8728
9919
5828
6023
6
11328
8790
12893
3532
7497
3673
3995
18664
5820
1737
19746
2729
10228
12344
14019
16594
6407
8058
12522
10706
15108
6943
10676
10761
13535
11059
12435
11563
6616
18954
19081
7514
469
2763
19264
6915
3517
13542
13912
18139
3048
19406
16394
18670
10418
7568
1022
16806
14743
8553
9697
9195
11865
18118
1254
6705
11744
16077
11571
14685
12985
1752
11896
17060
17985
5040
702
9503
16750
18521
14294
18096
6600
1740
17774
18731
1739
5290
4623
11909
13313
9115
13999
1914
10814
694
19085
8993
16823
11868
9393
7596
478
10277
3076
11530
3390
12160
11860
4322
1432
451
16737
16734
3252
19479
3520
13661
10041
10271
2736
2227
3875
4506
13766
19217
7560
125
14670
2145
9448
17460
11233
9870
16998
2192
19315
4562
14755
7642
8509
13838
6646
15116
7199
49
1197
18463
8636
14408
11174
3719
4921
1129
7010
9416
483
1865
2451
6658
5603
4105
15294
7389
17244
15877
14152
6011
12812
4147
1205
4058
5371
8054
19395
14941
96
9937
5205
16357
16770
1003
19845
19735
12614
18525
15196
8246
14463
16087
13635
10247
5227
12505
2573
4231
17373
1136
3424
3748
7032
4504
19550
10378
5402
10245
3009
4401
7419
7241
9911
461
16471
19136
13059
2820
18893
4929
15562
11200
13439
16951
10666
9304
18346
14996
10147
3306
2824
1313
17612
15333
2205
13544
7231
13681
15172
52
18164
9233
151
6399
8744
18228
6984
7914
5510
13602
333
6800
17838
11258
5301
6872
1760
19432
11273
6174
1266
7857
230
10082
3848
14512
10806
9594
12970
11800
9719
9314
9138
10100
2026
17517
18596
8068
18677
10697
5103
1817
2622
17790
18728
10137
19701
11146
858
17761
2302
13917
12554
7712
13950
6788
13412
9592
5189
12622
10074
18574
14858
14436
15545
16866
8715
13175
19203
13266
3818
9877
780
13202
17623
15739
9119
17300
13379
757
600
18000
16340
13845
762
14827
7083
5143
987
10047
10817
14606
19241
10641
2095
16021
11177
19786
1300
4543
783
18784
15758
7211
6976
5735
10531
9622
4853
5155
12967
972
15782
17953
6003
15492
17911
18313
7730
12139
10379
16927
8582
10742
673
3905
5451
13945
14265
409
7725
8290
17175
1407
18742
14598
3553
3128
2466
10525
945
12584
14928
12130
14507
15164
2609
6064
1208
11469
12740
14229
14788
12106
2176
6140
15524
3342
6147
18941
10810
3148
14295
6093
3594
17231
15271
8000
7598
19498
3507
653
15636
9054
12178
6583
9770
6027
984
15008
11567
6137
4648
10523
3404
7750
19714
423
5578
441
15190
15626
18960
8740
9713
17508
8892
15552
6748
14971
15813
16583
8422
4365
6729
13079
19191
4501
13377
19263
8269
2147
7047
17113
7703
11806
13124
1794
16959
9929
3642
10332
18563
10386
17472
5783
19419
7160
3770
10622
7038
5173
10942
9261
12193
2991
19972
4676
17138
12524
7678
18958
4600
7246
9122
13252
1181
7432
6311
997
17492
17240
4536
6157
10044
16033
14388
9664
3712
18737
14811
12247
5752
11208
5091
4598
12919
10663
404
8080
19122
1841
17919
14683
17921
5841
17554
7963
5815
11278
13652
5901
18343
8371
8116
5372
11978
15363
6642
19718
229
7486
18092
882
1561
7493
1754
8254
1279
1924
10750
4588
14987
17127
19607
18642
19736
9880
13141
6774
11268
9992
12939
9511
5715
16949
17165
17879
11001
17570
1995
19121
1928
5748
6091
11393
7883
15668
10856
11192
384
18980
9735
2741
10046
1490
1932
17751
17991
7736
15618
9057
4264
6589
10179
1206
16773
2458
15621
16654
11784
6509
8785
18675
1543
10502
12598
19120
6903
10134
6551
12445
4576
10994
2523
10388
10936
1916
7641
238
16680
1033
11918
17146
2397
18304
13052
11768
12467
8159
3380
15681
8408
13062
15801
11586
3640
11644
18278
3668
6744
11831
14529
1791
10117
2103
8813
15938
16122
10353
15485
16691
2017
12084
2646
13905
8311
6388
18422
7264
6138
14756
18420
18869
365
11848
16300
14536
2730
1721
7125
9491
13030
18200
4765
19135
7063
11317
19124
1683
7988
17780
19139
14729
14513
13714
12087
18579
13667
3262
11423
917
2618
15358
19558
5750
4671
7531
14521
13274
17718
3808
15798
15313
1726
14955
5005
5042
4519
16874
13438
7675
17418
18698
10081
8197
2124
14700
4908
4041
12916
131
14010
19839
5868
17100
9340
17074
655
9467
19046
16447
13757
17367
7842
14753
13860
17889
6171
6793
14655
11948
16721
18580
17061
6033
5626
5266
11320
455
6051
17154
17988
17449
19493
15985
17458
11425
15793
19379
4907
7555
8081
208
5959
4182
1897
10552
167
1926
116
1951
5594
5937
19322
1649
5073
5397
4603
16313
15905
4470
8323
17851
6261
8209
1283
6375
9493
15537
15444
12035
13131
2229
10431
11202
17206
9147
19380
15791
8196
6541
9579
7597
4774
7986
9854
9121
3463
18112
9791
8727
7478
10668
14751
17877
17166
6860
1456
7133
3704
9748
11967
5790
1130
2527
13618
1652
13221
18820
15692
19366
19015
13920
5124
16425
1249
1790
18461
3840
13152
14096
19084
750
8617
11452
4125
395
16260
8407
13688
5803
2438
9517
15462
4071
3793
19643
10690
642
12853
939
18434
6262
13481
9283
932
11982
8592
12958
4532
12763
11809
10252
7501
7405
3190
2038
16881
579
9852
7611
8711
17503
14033
4336
6070
2195
14887
1921
1065
6083
9175
1341
14575
876
11455
14985
4289
18874
1697
4794
6285
12307
5788
3555
12420
5686
9699
7731
12596
10914
17220
7899
6844
13153
16635
2216
16908
16899
19233
9891
9710
9085
3466
4339
12548
7983
14399
13223
3351
7721
375
7124
1638
8681
13855
9409
13167
3266
3097
12655
6123
8880
16476
11738
14120
8573
13073
19165
1412
14102
7321
16919
9277
15648
1071
17155
9090
1028
3961
1010
2087
6599
17984
2437
99
16124
13598
3564
15953
16164
17999
16976
11295
15859
14873
14857
7046
10743
13568
15122
11435
14056
11481
7800
12166
3619
14101
14797
18835
16365
15173
8233
16029
15834
18165
14745
6707
12896
16873
15012
13308
10337
8279
5384
17224
12748
6056
15042
11573
4687
13366
16302
10886
18769
18099
16270
6717
4689
14875
19029
3075
5198
8145
6789
2360
9047
8713
18340
17746
1886
14023
11767
5666
13388
10934
8642
3586
8977
7087
11179
17657
5473
866
15912
18084
3470
17335
6484
3472
13645
3272
4273
11279
10588
3599
16824
12573
2074
10871
10548
13955
5269
15632
13843
9248
10494
10785
8722
18066
4360
5552
2962
19329
19810
8464
3529
4994
3135
11736
13076
9063
2605
14678
6823
16391
17209
9683
930
1458
15530
9797
15577
17125
19069
11577
13180
8205
19242
2610
7271
16330
14644
8772
17674
8903
8382
11935
13323
1111
10238
2826
6406
16176
18476
16184
14734
1648
6893
17871
12488
13055
2521
15255
19957
5401
19480
15694
1698
12798
16323
7072
13205
1097
12910
18794
13732
689
15820
18120
16731
860
1861
14673
11483
1571
16013
5972
3561
19775
11240
17663
4627
7624
8078
14271
8182
8883
16354
15603
995
18957
4342
13521
19649
16804
12561
6898
8420
17198
3164
3694
205
18288
450
12215
19429
13976
12514
13297
3914
7880
3299
12523
6557
3680
12506
2590
11985
16215
12168
10925
3858
5249
14549
76
2959
13345
19387
11810
4153
8350
19020
6885
393
16126
1015
3309
19546
1146
12416
4260
13145
12756
10516
8162
8676
11347
18788
12249
5975
4431
1707
497
11058
14089
18370
13005
11290
7595
3861
5486
19720
5973
6833
13142
10423
7265
5873
16610
4138
456
10869
3635
15410
4009
4056
17614
14776
19196
14396
9613
3565
16398
17000
19314
5836
4383
18896
2472
13492
11958
4920
14841
4257
5688
17617
13486
3610
18188
4346
6153
2909
14038
10870
9576
5917
8879
13964
2148
9677
2303
4292
14110
6694
18405
11512
9456
503
8723
1556
16100
3176
3487
11625
4631
18150
994
16327
5629
3665
3367
11408
9600
10381
5744
15481
16651
13157
19105
19301
13470
15768
18739
3562
17839
10487
8194
6614
368
10126
12696
17305
19551
13525
6466
8033
19582
15867
14042
15864
8073
612
5256
4500
3103
3011
6797
19901
14584
14112
4658
15769
3874
3860
11940
15806
5796
1374
6145
4830
4010
19847
7243
15968
6470
3865
3502
12092
3279
5171
1531
13314
4263
3625
1542
289
743
12949
8424
12645
6861
7716
9441
9352
18113
3490
13008
5518
6539
17469
17330
11749
17041
11118
3349
11083
10843
17150
1746
8041
16390
16438
19265
18567
19644
2918
16280
1956
14637
1207
10951
15147
7438
3824
639
12529
17897
6114
748
13276
12608
19483
1871
16730
2960
8094
160
12254
15875
13035
2333
19152
5554
11557
15269
13847
19401
10089
3983
5787
6286
10368
15810
120
1027
4443
4307
5093
1114
9276
15992
6571
7055
18148
11783
417
196
6419
16557
7141
1312
3242
9216
3697
11992
275
15453
202
15013
5859
13476
7329
6468
14233
19914
12732
4214
893
1450
7374
15847
8543
6050
2747
10060
8110
2274
6621
8244
10773
2496
19826
10726
4958
9226
13759
11251
6211
16710
18166
19721
9586
4361
1808
14712
1325
5876
1438
11702
16062
12512
1552
9800
1133
10633
8266
13176
6522
18503
2669
9411
19504
8236
15278
9429
6773
18606
15447
948
3842
16719
4055
9210
16911
5634
7995
13406
8302
17307
1516
4351
17505
1900
17448
19445
18199
10484
14414
19626
1135
16037
19616
5501
1509
19520
19827
14642
16895
7723
12945
2508
11525
509
14280
5597
13400
14828
13212
3002
8904
4018
14843
12466
15955
5676
8090
4479
13781
7885
7343
18711
8783
12556
13868
6208
10070
9526
7279
11547
13208
5160
7392
12456
9506
12517
14519
11727
7402
608
1188
6580
18081
13653
7935
5843
8463
12303
134
12701
18883
16028
2901
14663
2658
3810
12849
16165
3583
5494
810
7679
14334
8322
8397
2520
3385
14347
7446
18316
9268
1879
9636
9886
13275
10320
12902
15208
6784
11094
7748
7220
19083
19986
14483
3394
3347
9498
15519
12823
8906
6923
14908
16269
10266
19494
14721
10732
14346
14457
13086
1940
18532
15078
5789
6347
18205
349
13127
693
13803
11040
6314
1391
3198
5425
13287
8937
3596
17910
162
3629
2905
1751
14389
17791
1023
4919
8875
16353
12881
15314
14055
15210
18133
15424
12128
15674
18549
1416
5226
13037
10240
2475
6391
16652
3542
7170
10965
3059
12219
19944
1194
12769
15928
2398
12471
2803
12606
799
14237
10196
8361
9687
10776
351
6457
6116
19709
2643
9968
13012
8467
16935
198
598
11379
11714
16813
875
14336
14654
11606
4572
16055
2373
6071
5495
8558
10382
7363
9319
10501
13961
14279
1939
9931
18560
10336
19676
16738
3439
14885
128
10915
5683
18640
12253
5342
13512
8584
13669
14913
18103
11004
16468
19433
13269
7049
4200
5872
18914
4964
18851
12389
9308
1965
12551
4715
15194
19798
5482
17914
4139
2300
2379
19535
12680
9153
537
6978
7145
4438
16554
12270
14170
12033
14204
14742
17627
19102
11464
18545
7718
6715
1422
14199
4080
3667
4512
5235
3129
17602
13978
659
16119
5847
14078
14901
6434
2209
12882
10908
17528
3828
18001
463
18923
1570
1321
5404
16054
7559
14557
18234
18087
19803
6700
1888
16494
15112
4162
12266
8028
13585
15833
2617
3335
9783
6022
548
12089
13549
2241
17324
1878
9760
15347
1812
18908
6577
971
3536
18987
5357
19905
1589
10625
1536
19276
1263
3752
14480
4193
13876
685
14730
1288
3889
19651
9337
3705
5726
14728
5786
5026
10355
7934
4357
6197
18470
13723
9684
19663
4304
4362
3912
12650
14283
2900
10273
7753
2162
10079
17560
8215
11045
16298
10480
19003
7060
1837
224
6769
920
14472
4240
8901
5098
9383
1244
15256
123
12583
15637
16664
10648
3787
5556
8127
2588
18259
14682
4832
17994
13427
12871
13780
15475
6981
7193
1845
13647
8291
10782
448
13967
17262
3972
15005
6516
17385
18565
11424
2427
19565
9389
7673
5196
15701
7937
546
12454
7879
10456
6827
2309
6751
6241
6640
12806
18314
7554
9903
19072
11316
5976
10083
15142
17782
12153
4247
10699
12013
13259
12834
15761
8476
8450
11979
4916
5631
19654
2380
17407
6101
17932
7294
12669
8354
6218
19465
10326
10507
1210
5595
5272
14848
4843
1805
8234
19792
5829
17281
2859
387
1622
8376
12774
1800
7710
5842
19036
234
1856
15415
4544
809
12646
8443
4852
14329
3855
1601
4861
14232
16713
6448
2247
6866
7293
12510
17760
9227
9650
1507
5208
8920
14032
13684
1454
8593
3248
2544
5125
7645
13265
4442
7378
6444
18969
4632
6275
18564
12312
16474
7754
13836
19595
8389
9832
7547
4814
13111
7509
1173
3087
8123
18326
9524
2983
17413
10505
9961
5408
11828
19294
17293
15733
1822
17012
9694
10541
15597
12142
6635
2627
12313
2055
17651
8206
12572
8979
2559
7954
14505
4287
18263
8652
5387
5433
8144
2545
19672
13947
16600
4423
5741
18625
9010
11664
8786
6371
14503
14792
5307
8750
8667
17337
19269
10532
519
2413
1134
15303
2368
8274
18196
14133
17084
10103
18964
12867
9555
16111
1122
19981
4127
383
4563
14258
13206
2072
17183
4350
6714
10477
8679
753
1882
3523
1827
7626
10614
11135
2902
8611
18656
4859
16765
4216
3449
11540
6504
8756
15630
5324
17272
12817
17453
3595
18972
17754
17954
16478
14195
18846
4345
5263
6167
18167
12230
18054
16250
7448
14538
6067
4579
18755
6865
5854
14959
18230
18505
17151
14666
12642
8853
10042
15695
16776
11564
11731
19082
9316
19976
16790
3328
16145
11610
14434
7086
6310
13720
2784
4028
11548
14825
9403
9934
13825
12365
7980
7260
3854
2735
13530
14361
2283
16267
16888
2553
19894
16469
15581
14456
12611
5469
16475
3392
13931
17891
4957
14427
15300
19388
15016
19885
5118
11872
19659
6867
2363
7630
5649
17729
7778
13451
2328
7761
18935
894
17525
2105
5924
17179
16743
17513
17349
2558
3474
2500
15765
1613
15388
14951
10391
18039
5500
9550
17641
1182
13822
4838
3430
3290
11518
14357
13522
2327
15551
19061
15385
18361
4667
18036
5477
8364
8739
67
1535
13778
4043
14440
3211
16828
19631
566
10969
3997
4551
14956
19400
16746
10984
5454
19320
4296
14671
10842
2280
17371
10736
2081
16053
12501
19599
1211
13403
9318
9537
11319
11574
14826
1706
18544
3226
15767
9753
13897
17768
16972
5345
9432
4213
15281
4503
19119
19481
4496
17537
13469
2157
1664
2942
10051
15585
16778
4693
18141
10287
3203
7506
12385
14312
3060
2949
1889
10524
13873
1821
574
13237
5104
19475
1725
240
235
19415
16993
16114
13746
3633
7275
3426
19837
5445
17785
5255
6873
10565
8659
12742
15497
10610
4281
16690
10563
14350
18491
8820
5909
1675
8577
14998
10052
14530
5537
7487
10938
1078
19635
7399
8498
18237
17685
12638
119
14371
16740
9125
14939
10996
14768
13105
4215
12550
6195
19725
30
17066
10780
11874
6612
495
19684
11766
9397
18868
8449
5709
15239
822
7930
11413
827
3581
12855
9846
7033
9916
8888
15047
19100
17485
13458
3579
9660
11281
9835
6410
6724
8559
19956
5183
19371
10721
8400
17222
9940
781
12408
1479
504
9335
17586
19890
16898
19477
5805
18008
1757
12314
16317
14251
6465
10433
15987
17496
10725
9654
5347
7026
17311
13381
16767
11140
16886
15137
11156
19058
13923
6354
4956
7939
6408
7872
4324
17903
13952
19071
7380
15774
16
7911
4303
2242
12620
8683
5986
13347
19050
6102
17800
2411
11743
1087
9194
12863
571
7068
7848
12069
11672
16964
6237
11293
5568
5936
11472
18412
16936
3046
7813
2972
9015
8105
19
3544
15575
17121
15460
16578
6486
11712
9312
8014
4145
10235
14103
8876
6601
1016
19312
8758
9623
807
11987
200
11344
13392
10973
13091
12005
17626
15823
2402
16636
19587
11131
178
3177
19869
3833
727
12678
6426
6644
16249
13129
14268
11075
3007
2311
321
17703
4669
5407
15634
9214
613
7334
18710
9166
7221
740
6367
10597
13178
17095
11418
4980
3341
12827
2584
19623
15602
2384
3887
16893
6302
449
12362
12984
508
12716
7206
2705
304
14618
13450
10860
6432
7278
1426
13707
10887
12059
17395
2575
7687
14810
446
7210
17686
8015
667
806
6785
738
14639
13291
17467
9705
12096
4922
10175
12533
14006
17886
15468
9271
14963
19057
7290
13626
14342
873
7359
13768
19991
11282
8469
14447
6492
14929
12151
7504
6053
9742
5094
12783
9141
10941
9871
7183
19679
13973
13246
5043
6772
10615
9330
1799
18425
3120
819
2939
18694
19345
15374
12923
13083
12384
6423
19907
13846
9844
7953
12328
10722
16539
17989
19335
11996
2754
7957
817
10114
5328
19229
343
14381
7328
3078
11756
19492
15395
12685
2854
11559
10883
5424
10645
13943
17788
9714
14097
14242
6362
92
15755
7657
9635
12846
7433
15808
16569
13244
17400
10174
6590
10241
2325
2235
4207
16173
6979
12542
1393
330
13312
6304
560
9444
9451
13877
10169
18832
4988
18353
2008
19686
12442
19605
9302
10444
17844
9061
11723
18144
6942
4561
17579
7522
7157
10231
3026
13019
10822
13946
10734
13558
12617
14256
5147
14441
899
6081
14401
3927
5112
10328
9956
8608
15461
12721
1595
8675
4502
5079
216
15654
11076
1222
17747
1421
16596
5652
632
17160
7702
14515
5116
19879
1491
18932
3921
1354
10048
13869
11396
16826
1275
7457
550
19742
14028
15925
5388
9722
15326
2706
3800
7153
10459
4482
14509
13294
13104
6377
8099
9512
11726
18722
15327
11222
19666
3628
17038
19299
850
19042
15160
5487
11634
13683
19741
12464
6997
18366
8684
4874
12668
18443
16620
13642
11821
8454
11923
6986
3556
16331
12998
15469
17936
18536
19698
3133
11753
5949
10093
11133
17681
9510
10197
11085
11623
14249
13177
4615
273
15436
643
17376
2767
1634
2272
16197
6505
8473
13332
332
4706
15215
7203
14171
10628
7288
16426
2129
8326
16289
18080
19850
7803
3834
9034
11276
18404
16508
4076
18129
16693
17762
19975
6647
5490
1569
16846
9334
2020
1021
16493
992
9072
18571
18513
16402
5861
6949
10617
12018
14307
14948
15566
13170
2171
15040
17289
6007
6967
17073
7396
3601
12056
408
4144
15396
10846
17249
6878
16938
584
1749
3340
2885
7561
15720
13475
17599
402
11617
2889
18524
17809
9817
11475
1724
15540
18556
5679
706
14676
1604
18380
5275
5955
6585
16319
9906
13321
7388
18555
8083
16071
18408
18014
16531
16905
5966
19673
6006
13527
5083
15909
15223
16108
4333
2838
18912
19495
6836
12117
17014
11989
18274
14701
10629
2469
11520
17004
18458
4300
9682
979
15734
9862
12634
12052
17163
13046
17939
6536
8627
19524
18651
335
3630
18396
6886
17346
2111
316
10176
4459
18904
10091
12025
8511
10653
17549
1149
33
552
2756
13657
11137
9528
7715
17476
10805
2254
8091
19009
1046
18910
8909
18283
6226
6092
6686
10798
12610
2259
13901
14835
6742
13092
13280
16863
4298
1098
15657
15227
431
14527
9354
1687
10424
6395
17500
210
5823
11972
7812
12427
17024
16030
14139
14491
17739
5980
14809
13863
18272
8672
15821
9140
11671
8102
9331
5583
13209
14851
2140
5175
19877
12177
8006
14140
8444
11631
16047
8982
10384
1511
7719
15386
326
4201
2936
454
3908
2511
16720
2120
16589
2542
11195
7787
14322
9814
10155
16092
17170
5725
2409
7209
17698
13501
7974
11624
4812
16147
18615
11404
2094
4302
8714
1881
12861
2046
9439
1522
16966
9127
6910
19891
884
18632
11608
3118
9428
6691
17538
8815
5570
1103
1492
3050
1992
6622
12532
2860
15417
14937
17295
9282
54
14160
19613
14878
18971
14608
8328
16524
14651
2497
1729
16303
18630
5548
5060
6105
19576
3125
15913
5007
2865
16968
288
17811
12955
10258
8398
5511
4382
9599
17271
14225
4897
2781
17265
3822
11474
180
18194
18700
6312
14069
4165
18258
16614
6212
958
6818
15381
320
105
10603
724
9095
10829
15252
14906
2024
11922
5512
18678
11055
4140
7763
12712
8257
9647
11216
2307
16015
10078
5375
11312
203
17016
977
8910
16462
19848
9955
19509
10841
16450
4441
6299
12359
5330
12296
2016
13164
8128
18156
9505
7676
2888
11082
19820
2231
5560
11684
18134
13818
19624
4426
15812
18612
1860
19855
15442
17618
13998
1824
11536
18795
13966
19460
3303
4784
6323
15579
13283
12347
17283
2549
16996
7782
16262
18528
1910
6996
18367
7287
6617
10110
15983
2257
12287
2719
18572
17034
6177
1833
15803
17918
7447
6004
422
19572
19752
17908
16808
17077
3276
5934
19175
8417
1350
9969
16399
18518
19011
15131
15914
18604
1094
13081
2780
18860
10392
17387
2915
242
17731
6743
16278
5152
18740
534
18854
12200
18701
13811
19529
2484
3747
15827
11305
18435
13461
12114
4433
15954
3085
2291
2830
15874
5737
14063
3199
14284
6803
8661
2184
6641
19168
16304
1232
10351
8568
10415
601
15123
2425
16940
14048
5661
8939
3296
14123
5028
2750
3600
12480
4782
6587
12331
2721
13705
7864
4509
13539
12451
8952
691
11950
4628
13892
18668
14323
11023
8029
3440
6216
14024
12150
13391
15730
8481
19370
14246
17148
6880
847
7340
5213
5054
14031
1680
3720
12020
7261
12525
8831
15010
13773
2572
3042
17848
10848
16228
4781
10322
3348
10429
7964
19862
10106
5225
12784
11584
15984
2954
16879
5281
14715
1251
2913
19754
18959
6108
1377
6820
15493
2350
3666
6496
4418
3028
17081
4368
12190
12969
2925
8643
1443
4016
11037
17059
2485
18394
8374
7758
1982
10590
9515
8166
10461
14580
12927
11509
18667
4954
17140
10153
1923
5586
18903
19154
3275
19889
1213
19268
5644
12338
3620
7938
11384
1560
5474
14326
7252
7207
11933
3884
2154
14105
8406
15234
9396
18772
13564
15068
9695
15525
16821
17063
6270
3416
15650
12654
2886
4720
7182
6017
16082
18021
12623
19440
2426
14135
2977
10517
14573
5957
13592
9840
17902
64
6065
8357
19882
10613
227
19782
16803
14253
11427
13010
253
7579
19247
396
15838
18162
11159
5318
6791
19367
8849
10482
3920
16609
7915
9386
12858
13459
14118
3659
9263
19044
16930
3982
19938
16586
11238
13398
12684
19260
12870
17461
4799
18821
10393
6297
14124
8416
5140
8908
1545
13866
3688
8001
11269
10688
8773
790
15324
5682
4969
17172
13589
13556
17086
8491
4822
9629
12842
16048
18777
5400
7317
15022
18706
13744
11795
12589
17439
11341
4770
19090
2769
606
4778
19030
10709
15846
19351
15735
246
18652
14490
18114
1307
19201
19245
16517
3934
13726
9301
13166
14143
8869
19693
4825
1195
13456
3710
12176
15098
13646
2681
15546
3055
4529
13854
19109
10173
2401
3425
16658
7368
2574
17315
13607
5508
12029
9464
19563
7299
9706
17725
6619
11499
5086
15790
12053
11380
17221
7525
13298
19193
12400
7285
3293
14790
17139
10998
7137
6927
13474
572
15625
6230
8798
19005
5443
19080
14902
13107
5514
8755
16997
7484
15399
7901
16090
16850
1722
2978
2165
513
7431
17880
16860
13480
338
11951
14002
5674
197
17745
2907
12061
14418
5468
8604
2007
4275
4156
3575
801
15378
16455
18393
12841
6545
11215
8804
19630
2880
8870
15787
18026
9917
11167
5145
5855
9255
19428
15559
17279
10678
15340
8386
15565
17767
9796
19414
9605
10458
16849
1517
13263
10043
8037
10440
12251
1813
19486
2382
15097
6404
13217
17670
12649
12304
5632
18128
6584
19405
989
12932
77
2686
14076
2032
3245
15885
19530
765
19537
17394
9669
3418
11346
7665
7391
8629
9953
17587
16072
6110
856
5747
11265
18208
16960
3772
6224
10346
