17124
9547
6881
16222
15957
11765
5617
7191
591
12453
247
18352
10870
6098
1036
9252
18362
18214
9423
3773
6675
14673
14549
19921
2296
8943
1790
17464
17054
2728
7310
12384
12965
8481
8604
14243
12890
9852
11441
12273
17335
15924
4954
1580
19158
17972
10826
2659
7918
5757
12812
662
6905
4649
18515
9173
16398
10444
14907
13400
9853
14435
10795
5539
13692
10073
7176
19914
8788
8486
12051
12167
3777
9193
5544
715
6997
2701
11074
19439
13018
1607
14149
171
12835
8060
16367
13521
5311
10303
2385
16771
368
12807
11768
142
14748
18370
1911
16242
8795
6501
13147
2726
16322
8833
18756
5466
10083
13261
18094
967
18990
15589
13108
16564
1546
16095
13665
761
13173
6747
4125
1522
18159
16612
16867
1283
13757
4087
4045
15133
5202
16623
979
7470
4395
18188
9512
15119
15655
1057
12496
18904
13224
381
12299
14689
12370
1177
15318
6653
7707
1154
12707
11725
17368
6992
8108
692
14877
15358
9218
3082
13969
1694
1287
1680
782
2475
12957
4221
99
16361
16788
1292
4071
3822
17236
14480
13583
4375
18335
1001
15735
9564
5922
18757
5082
10976
9124
14419
6883
8764
19728
11548
9610
17737
16292
18326
3107
3284
6504
18553
6389
649
18364
10481
17733
18910
2593
19293
12233
8215
635
2373
3674
16830
6823
11430
11700
2586
6225
9349
14526
3768
9584
7698
12745
17809
16112
11937
13157
10499
11841
11838
6659
12259
6137
270
16785
5843
6446
4959
17469
9563
9216
14344
8184
15361
9437
8319
997
2024
12724
16207
10872
16946
1288
14239
18511
14696
11825
5613
9953
653
19670
18390
2094
16741
17778
12120
10019
10909
10565
4210
18703
14874
8738
8847
183
12491
19905
1758
17654
14627
13756
6645
7104
12574
9284
13394
10086
14677
19523
4089
13271
463
7041
16545
13831
1747
2208
15637
429
11027
3095
19525
5213
7393
2694
7485
8199
4041
13566
2176
6719
3375
18242
1452
14415
4761
10987
27
7689
13035
19684
7659
9658
9950
10402
13593
10838
75
14019
6064
2562
11054
5072
18039
13632
9878
1760
11086
8350
9866
4805
14339
8654
672
7619
15165
14976
17241
1124
15885
13283
14647
11422
8767
16006
762
11372
19450
13871
3758
6051
15282
4519
3753
13838
6404
17153
12185
4191
3013
18856
15245
3057
4684
11030
1801
13083
19656
18602
1384
4208
1859
16037
4341
2172
1457
15105
8402
6341
1401
16884
17723
12287
18879
15449
13927
13429
12391
3969
8279
4525
4237
5305
3160
17291
419
4159
7014
17629
9760
10667
9015
2732
7670
8263
12674
12079
5722
2214
8458
15854
8679
12985
7017
10743
5209
9286
13170
9316
793
5677
1627
8405
15288
6585
4632
13543
14630
143
4044
12245
13402
14293
11706
8412
1343
18502
4050
19537
10629
16346
2695
7738
2899
6090
5572
2001
12735
14822
7414
3837
14564
11743
7578
16086
13016
4083
3193
1536
4727
19345
2678
5353
4791
11855
7329
17037
4778
15031
9229
3658
11942
3619
11806
16495
7949
1414
8703
18044
12499
19802
16555
1649
10517
12802
18600
15960
1435
8227
10335
9052
3226
18781
18720
1854
17176
2652
19105
8119
6214
2469
13406
16425
8461
3612
1274
15911
870
15141
11678
14513
9223
16711
5532
4742
16806
8571
6634
15254
6128
9565
15545
10808
10900
12152
15808
9588
1014
573
508
15774
6481
11659
530
276
6252
1937
6469
830
7455
1117
16147
6390
1289
137
11307
2910
16273
9823
10740
2012
10236
3770
2146
13660
12542
1449
15448
18430
15577
19677
16714
13030
4838
5808
2110
7307
16566
8617
19251
11576
14894
383
16120
9305
16296
19183
2545
14360
4926
8952
18800
6693
8485
4471
18239
15631
19637
12475
16857
1189
252
10198
19189
8852
2839
19061
3357
10968
3500
6451
10110
19094
6010
10173
4559
16253
3622
14546
15460
2405
12176
1619
236
11866
15826
17874
9843
9063
14522
14313
14283
14998
17977
8005
18154
13486
1224
12787
11883
19406
3418
11068
12196
12246
13857
18547
24
13922
3852
18607
4697
19924
8224
8741
10456
19725
18347
13846
7831
12132
19650
14393
17617
9474
2544
7827
15674
9184
2539
12281
2780
4584
14358
13832
9246
15386
7531
1755
10401
920
10442
13476
4528
5485
5435
7050
15156
1628
2667
6329
3795
5374
6182
10853
9299
15162
11373
16044
1111
15752
1584
13907
20000
4259
12996
10045
4679
11440
13863
1051
17429
15281
19898
11849
13531
18588
13664
8136
11446
3517
16735
158
5718
8542
12446
1445
12866
1474
5076
19135
16589
9614
14210
13393
14598
4075
3401
10261
12582
8734
18491
2635
2160
16205
19630
1080
283
7877
6610
19896
3278
4588
10599
3600
9899
5476
4665
18057
2953
12934
19742
717
13992
3959
11882
19154
2640
4534
7198
4767
1586
10495
11357
4650
5234
3529
15489
15649
14881
14950
6768
7163
18850
10283
5976
14047
9847
19429
15035
8946
16693
14943
15176
7539
6853
10807
16172
13911
9557
16370
14704
13694
4762
13974
11230
2540
19943
15161
11730
9758
7929
9718
15522
628
1515
10555
14488
6123
12642
9468
1064
15330
3690
16888
7912
15315
10816
17197
2461
5227
18802
14115
12638
15907
8598
2043
17998
436
14394
11701
3816
4279
18685
10258
11450
13962
2102
11425
6302
12723
19129
6190
3972
16760
315
1503
8806
15454
16359
16244
643
6713
5352
10530
9872
1684
5721
19671
15241
13590
1940
9123
7528
19389
9452
4261
19952
19564
18869
8766
10100
7438
11264
9290
6598
19510
11236
19760
14674
12383
18332
14110
5132
1079
6079
17136
19381
4082
4783
251
13436
1562
15396
19076
5756
14069
11276
126
709
19964
12001
19806
16880
17807
2128
16929
10016
11648
6584
7257
12150
10413
6868
16738
6906
12471
17373
9402
6818
9477
11129
13054
1899
1587
1706
11022
660
5494
3947
16854
2644
7982
12775
13972
4320
3033
5619
19515
9012
7230
16979
1637
19584
5904
15190
1248
19543
19908
7532
5120
11694
7029
17327
8854
7103
19927
11214
14271
14784
983
5381
7796
9488
4940
105
6305
15369
6258
12074
12941
10197
1579
11702
12200
10497
6688
4976
16820
18524
5905
2775
19524
167
