24
27
75
99
105
126
137
142
143
158
167
171
183
236
247
251
252
270
276
283
315
368
381
383
419
429
436
463
508
530
573
591
628
635
643
649
653
660
662
672
692
709
715
717
761
762
782
793
830
870
920
967
979
983
997
1001
1014
1036
1051
1057
1064
1079
1080
1111
1117
1124
1154
1177
1189
1224
1248
1274
1283
1287
1288
1289
1292
1343
1384
1401
1414
1435
1445
1449
1452
1457
1474
1503
1515
1522
1536
1546
1562
1579
1580
1584
1586
1587
1607
1619
1627
1628
1637
1649
1680
1684
1694
1706
1747
1755
1758
1760
1790
1801
1854
1859
1899
1911
1937
1940
2001
2012
2024
2043
2094
2102
2110
2128
2146
2160
2172
2176
2208
2214
2296
2373
2385
2405
2461
2469
2475
2539
2540
2544
2545
2562
2586
2593
2635
2640
2644
2652
2659
2667
2678
2694
2695
2701
2726
2728
2732
2775
2780
2839
2899
2910
2953
3013
3033
3057
3082
3095
3107
3160
3193
3226
3278
3284
3357
3375
3401
3418
3500
3517
3529
3600
3612
3619
3622
3658
3674
3690
3753
3758
3768
3770
3773
3777
3795
3816
3822
3837
3852
3947
3959
3969
3972
4041
4044
4045
4050
4071
4075
4082
4083
4087
4089
4125
4159
4191
4208
4210
4221
4237
4259
4261
4279
4320
4341
4375
4395
4471
4519
4525
4528
4534
4559
4584
4588
4632
4649
4650
4665
4679
4684
4697
4727
4742
4761
4762
4767
4778
4783
4791
4805
4838
4926
4940
4954
4959
4976
5072
5076
5082
5120
5132
5202
5209
5213
5227
5234
5305
5311
5352
5353
5374
5381
5435
5466
5476
5485
5494
5532
5539
5544
5572
5613
5617
5619
5677
5718
5721
5722
5756
5757
5808
5843
5904
5905
5922
5976
6010
6051
6064
6079
6090
6098
6123
6128
6137
6182
6190
6214
6225
6252
6258
6302
6305
6329
6341
6389
6390
6404
6446
6451
6469
6481
6501
6504
6584
6585
6598
6610
6634
6645
6653
6659
6675
6688
6693
6713
6719
6747
6768
6818
6823
6853
6868
6881
6883
6905
6906
6992
6997
7014
7017
7029
7041
7050
7103
7104
7163
7176
7191
7198
7230
7257
7307
7310
7329
7393
7414
7438
7455
7470
7485
7528
7531
7532
7539
7578
7619
7659
7670
7689
7698
7707
7738
7796
7827
7831
7877
7912
7918
7929
7949
7982
8005
8060
8108
8119
8136
8184
8199
8215
8224
8227
8263
8279
8319
8350
8402
8405
8412
8458
8461
8481
8485
8486
8542
8571
8598
8604
8617
8654
8679
8703
8734
8738
8741
8764
8766
8767
8788
8795
8806
8833
8847
8852
8854
8943
8946
8952
9012
9015
9052
9063
9123
9124
9173
9184
9193
9216
9218
9223
9229
9246
9252
9284
9286
9290
9299
9305
9316
9349
9402
9423
9437
9452
9468
9474
9477
9488
9512
9547
9557
9563
9564
9565
9584
9588
9610
9614
9658
9718
9758
9760
9823
9843
9847
9852
9853
9866
9872
9878
9899
9950
9953
10016
10019
10045
10073
10083
10086
10100
10110
10173
10197
10198
10236
10258
10261
10283
10303
10335
10401
10402
10413
10442
10444
10456
10481
10495
10497
10499
10517
10530
10555
10565
10599
10629
10667
10740
10743
10795
10807
10808
10816
10826
10838
10853
10870
10872
10900
10909
10968
10976
10987
11022
11027
11030
11054
11068
11074
11086
11129
11214
11230
11236
11264
11276
11307
11357
11372
11373
11422
11425
11430
11440
11441
11446
11450
11548
11576
11648
11659
11678
11694
11700
11701
11702
11706
11725
11730
11743
11765
11768
11806
11825
11838
11841
11849
11855
11866
11882
11883
11937
11942
12001
12051
12074
12079
12120
12132
12150
12152
12167
12176
12185
12196
12200
12233
12245
12246
12259
12273
12281
12287
12299
12370
12383
12384
12391
12446
12453
12471
12475
12491
12496
12499
12542
12574
12582
12638
12642
12674
12707
12723
12724
12735
12745
12775
12787
12802
12807
12812
12835
12866
12890
12934
12941
12957
12965
12985
12996
13016
13018
13030
13035
13054
13083
13108
13147
13157
13170
13173
13224
13261
13271
13283
13393
13394
13400
13402
13406
13429
13436
13476
13486
13521
13531
13543
13566
13583
13590
13593
13632
13660
13664
13665
13692
13694
13756
13757
13831
13832
13838
13846
13857
13863
13871
13907
13911
13922
13927
13962
13969
13972
13974
13992
14019
14047
14069
14110
14115
14149
14210
14239
14243
14271
14283
14293
14313
14339
14344
14358
14360
14393
14394
14415
14419
14435
14480
14488
14513
14522
14526
14546
14549
14564
14598
14627
14630
14647
14673
14674
14677
14689
14696
14704
14748
14784
14822
14874
14877
14881
14894
14907
14943
14950
14976
14998
15031
15035
15105
15119
15133
15141
15156
15161
15162
15165
15176
15190
15241
15245
15254
15281
15282
15288
15315
15318
15330
15358
15361
15369
15386
15396
15448
15449
15454
15460
15489
15522
15545
15577
15589
15631
15637
15649
15655
15674
15735
15752
15774
15808
15826
15854
15885
15907
15911
15924
15957
15960
16006
16037
16044
16086
16095
16112
16120
16147
16172
16205
16207
16222
16242
16244
16253
16273
16292
16296
16322
16346
16359
16361
16367
16370
16398
16425
16495
16545
16555
16564
16566
16589
16612
16623
16693
16711
16714
16735
16738
16741
16760
16771
16785
16788
16806
16820
16830
16854
16857
16867
16880
16884
16888
16929
16946
16979
17037
17054
17124
17136
17153
17176
17197
17236
17241
17291
17327
17335
17368
17373
17429
17464
17469
17617
17629
17654
17723
17733
17737
17778
17807
17809
17874
17972
17977
17998
18039
18044
18057
18094
18154
18159
18188
18214
18239
18242
18326
18332
18335
18347
18352
18362
18364
18370
18390
18430
18491
18502
18511
18515
18524
18547
18553
18588
18600
18602
18607
18685
18703
18720
18756
18757
18781
18800
18802
18850
18856
18869
18879
18904
18910
18990
19061
19076
19094
19105
19129
19135
19154
19158
19183
19189
19251
19293
19345
19381
19389
19406
19429
19439
19450
19510
19515
19523
19524
19525
19537
19543
19564
19584
19630
19637
19650
19656
19670
19671
19677
19684
19725
19728
19742
19760
19802
19806
19896
19898
19905
19908
19914
19921
19924
19927
19943
19952
19964
20000
