0
1
2
4
5
6
9
12
14
15
17
19
21
22
24
25
26
27
29
30
32
33
34
37
38
44
45
46
48
49
51
57
58
60
63
64
68
69
70
71
73
74
75
79
83
85
86
89
90
91
92
95
96
98
100
101
102
104
105
106
107
108
110
113
117
118
121
124
125
127
128
129
130
131
135
136
137
139
140
141
142
146
147
148
151
153
157
158
159
162
163
164
165
167
168
169
172
174
175
176
178
180
185
186
189
190
192
193
195
196
198
200
201
205
207
209
212
214
215
217
219
223
225
227
228
232
233
236
237
238
240
241
244
245
246
249
252
253
255
260
261
265
267
268
270
271
272
273
274
276
277
278
279
280
281
284
285
286
287
289
290
294
295
296
297
298
300
303
305
309
310
311
312
313
314
316
317
318
321
322
325
330
332
336
339
344
345
351
353
354
355
357
358
360
363
367
368
370
375
377
378
379
383
384
385
387
388
390
391
393
394
395
396
398
401
402
403
404
406
409
413
415
418
419
421
422
423
424
425
434
436
437
440
441
442
443
446
447
448
449
451
453
456
457
461
464
465
468
471
472
474
475
477
478
479
481
483
486
488
489
490
494
495
496
498
501
502
505
507
508
509
511
514
515
517
523
524
527
528
529
530
533
535
537
539
540
543
545
546
548
549
551
552
555
556
560
564
567
568
570
571
572
573
574
575
577
580
581
583
587
588
591
593
594
595
597
598
599
602
603
606
607
610
611
612
615
617
619
620
627
628
629
630
633
638
639
647
649
652
655
658
662
663
666
668
669
670
671
673
674
675
677
678
679
680
681
684
685
687
689
693
695
697
703
705
707
710
711
713
716
717
720
721
723
724
727
728
729
730
731
732
733
734
735
736
737
739
740
743
747
751
752
753
755
756
758
762
768
772
774
775
778
780
781
784
788
790
792
796
797
798
804
805
806
816
817
819
820
821
822
823
826
827
829
830
832
836
837
839
840
843
844
846
847
848
849
850
851
853
854
855
859
862
865
867
868
869
871
873
877
878
879
880
882
883
884
888
890
892
893
894
895
897
898
901
903
904
908
911
912
914
916
919
923
924
926
927
928
932
933
934
935
936
938
941
944
946
947
949
950
952
953
954
956
957
959
960
965
967
968
969
970
973
974
976
977
979
980
981
982
983
985
986
990
991
993
996
999
1000
1002
1011
1012
1014
1015
1017
1018
1019
1020
1024
1025
1027
1028
1029
1030
1032
1034
1035
1038
1039
1042
1047
1048
1050
1052
1054
1055
1057
1061
1062
1064
1065
1067
1068
1070
1073
1074
1080
1082
1084
1088
1089
1092
1093
1094
1095
1096
1097
1098
1099
1102
1106
1107
1109
1110
1114
1115
1116
1118
1123
1126
1130
1132
1137
1138
1139
1147
1149
1151
1153
1158
1159
1160
1163
1164
1165
1166
1169
1172
1174
1179
1180
1184
1185
1192
1193
1194
1196
1198
1199
1201
1203
1205
1208
1210
1211
1213
1216
1218
1220
1221
1222
1223
1224
1226
1227
1230
1232
1234
1237
1238
1240
1242
1244
1245
1246
1247
1248
1254
1255
1258
1261
1264
1267
1269
1274
1275
1277
1278
1282
1284
1285
1286
1294
1295
1299
1301
1304
1305
1306
1308
1310
1314
1316
1322
1324
1326
1327
1329
1332
1333
1335
1337
1338
1339
1340
1341
1344
1348
1355
1356
1363
1364
1365
1366
1367
1368
1369
1371
1374
1375
1377
1379
1381
1384
1385
1386
1387
1389
1390
1392
1395
1397
1401
1403
1405
1407
1408
1410
1411
1415
1418
1420
1423
1424
1425
1426
1427
1429
1433
1434
1435
1436
1437
1438
1439
1440
1441
1442
1443
1446
1449
1451
1456
1457
1458
1459
1460
1461
1462
1469
1470
1471
1473
1476
1480
1481
1482
1483
1484
1487
1488
1489
1491
1493
1495
1498
1499
1502
1506
1508
1509
1510
1511
1512
1513
1514
1515
1516
1518
1521
1522
1523
1524
1525
1526
1527
1528
1529
1530
1532
1533
1534
1537
1538
1540
1543
1544
1545
1546
1547
1548
1551
1553
1554
1557
1558
1559
1560
1561
1562
1563
1564
1566
1568
1569
1570
1571
1573
1577
1578
1580
1582
1583
1586
1587
1589
1592
1594
1598
1599
1600
1601
1602
1603
1604
1606
1607
1609
1611
1612
1613
1614
1615
1617
1618
1619
1620
1622
1623
1624
1625
1626
1630
1635
1637
1638
1639
1640
1642
1643
1645
1646
1648
1649
1650
1651
1652
1653
1658
1659
1660
1661
1662
1664
1665
1666
1672
1673
1674
1676
1677
1680
1686
1687
1688
1689
1690
1691
1695
1698
1703
1705
1707
1708
1710
1712
1713
1714
1717
1719
1721
1724
1725
1727
1728
1731
1737
1739
1741
1742
1745
1747
1748
1749
1751
1752
1754
1755
1757
1760
1761
1762
1763
1764
1767
1769
1773
1775
1776
1777
1778
1779
1780
1782
1783
1784
1786
1787
1789
1790
1791
1797
1798
1800
1801
1803
1804
1806
1807
1808
1811
1812
1814
1815
1818
1819
1823
1824
1826
1827
1831
1833
1834
1836
1837
1838
1839
1844
1846
1847
1848
1849
1851
1855
1856
1857
1860
1861
1863
1868
1869
1870
1872
1875
1876
1877
1878
1879
1884
1886
1887
1888
1890
1892
1897
1898
1899
1901
1902
1903
1905
1909
1910
1911
1912
1916
1920
1921
1925
1928
1930
1931
1933
1934
1937
1938
1939
1946
1947
1948
1952
1953
1955
1956
1957
1958
1960
1961
1963
1965
1967
1968
1970
1972
1973
1976
1977
1980
1981
1982
1983
1986
1987
1988
1991
1993
1994
1995
1996
1998
1999
2000
2002
2005
2006
2007
2008
2011
2013
2016
2017
2021
2022
2027
2028
2029
2030
2031
2032
2034
2035
2036
2037
2040
2042
2043
2046
2048
2049
2051
2052
2054
2055
2056
2061
2063
2064
2069
2070
2072
2075
2076
2077
2078
2081
2082
2083
2086
2087
2089
2090
2091
2092
2093
2094
2101
2102
2105
2107
2108
2109
2110
2111
2113
2114
2115
2117
2119
2121
2122
2123
2124
2128
2129
2131
2133
2134
2135
2136
2140
2142
2144
2149
2152
2154
2155
2156
2159
2160
2163
2164
2167
2168
2169
2173
2175
2176
2179
2180
2183
2188
2189
2191
2194
2195
2196
2206
2210
2212
2214
2217
2218
2219
2221
2223
2225
2226
2227
2233
2234
2235
2238
2239
2240
2242
2244
2250
2252
2253
2255
2256
2257
2258
2260
2261
2263
2265
2269
2271
2272
2273
2274
2275
2277
2280
2282
2283
2284
2290
2294
2295
2296
2298
2300
2302
2303
2305
2307
2309
2315
2317
2318
2319
2321
2322
2324
2328
2330
2331
2332
2335
2336
2337
2339
2342
2343
2346
2348
2350
2352
2353
2354
2356
2357
2359
2361
2362
2363
2365
2366
2367
2371
2374
2376
2378
2379
2382
2383
2384
2386
2387
2389
2390
2391
2392
2396
2397
2398
2399
2400
2403
2405
2407
2409
2410
2411
2413
2415
2416
2417
2420
2421
2422
2424
2426
2427
2429
2431
2433
2434
2437
2440
2442
2443
2446
2447
2448
2449
2450
2452
2454
2455
2456
2458
2459
2460
2462
2463
2464
2466
2467
2468
2472
2475
2478
2479
2482
2484
2488
2493
2494
2505
2507
2508
2509
2510
2512
2513
2517
2518
2519
2520
2521
2525
2528
2529
2530
2531
2533
2534
2536
2538
2539
2542
2544
2546
2550
2551
2553
2555
2557
2561
2563
2564
2566
2567
2569
2570
2571
2572
2573
2576
2578
2579
2580
2581
2582
2583
2584
2585
2587
2591
2592
2594
2596
2598
2600
2602
2603
2604
2606
2609
2611
2612
2613
2614
2616
2617
2618
2620
2621
2622
2625
2634
2636
2638
2640
2643
2646
2647
2648
2653
2654
2658
2659
2662
2667
2668
2669
2671
2673
2675
2676
2677
2679
2680
2682
2684
2685
2688
2689
2690
2692
2695
2696
2697
2698
2700
2701
2702
2703
2704
2705
2712
2713
2714
2715
2716
2718
2719
2721
2723
2726
2728
2730
2731
2735
2736
2737
2742
2743
2746
2749
2750
2754
2755
2756
2757
2760
2761
2762
2763
2767
2768
2771
2772
2773
2775
2776
2777
2778
2780
2781
2782
2790
2791
2794
2798
2799
2801
2805
2806
2807
2808
2809
2812
2819
2820
2821
2823
2825
2826
2827
2829
2833
2834
2838
2841
2842
2847
2848
2849
2850
2854
2856
2860
2861
2867
2869
2871
2872
2876
2877
2878
2879
2880
2881
2882
2883
2885
2886
2888
2890
2891
2892
2893
2894
2895
2896
2899
2900
2901
2902
2904
2905
2908
2910
2911
2913
2915
2916
2917
2925
2928
2929
2932
2933
2934
2935
2938
2939
2941
2947
2948
2949
2950
2951
2954
2959
2964
2965
2967
2968
2969
2971
2972
2974
2976
2977
2979
2980
2982
2983
2984
2985
2987
2989
2991
2992
2993
2997
3000
3001
3006
3007
3008
3011
3012
3014
3020
3021
3022
3025
3026
3029
3031
3032
3034
3036
3037
3038
3043
3044
3045
3046
3048
3049
3050
3051
3054
3057
3058
3060
3061
3063
3066
3068
3071
3073
3076
3077
3081
3083
3086
3089
3090
3091
3092
3094
3095
3097
3100
3101
3102
3103
3104
3105
3109
3110
3112
3115
3117
3122
3123
3124
3128
3130
3133
3134
3135
3136
3138
3139
3140
3141
3142
3144
3146
3150
3152
3153
3154
3155
3156
3157
3158
3161
3163
3164
3165
3166
3167
3168
3173
3175
3177
3180
3181
3185
3187
3188
3189
3190
3192
3193
3195
3197
3200
3201
3208
3209
3213
3214
3215
3216
3218
3221
3224
3225
3227
3234
3235
3237
3240
3242
3244
3247
3249
3251
3255
3256
3257
3259
3261
3263
3266
3267
3268
3269
3270
3271
3276
3277
3278
3279
3280
3282
3285
3286
3287
3288
3293
3294
3295
3297
3299
3302
3306
3309
3310
3312
3314
3315
3317
3319
3322
3323
3325
3328
3329
3330
3332
3334
3338
3340
3341
3343
3344
3345
3349
3350
3353
3354
3360
3361
3362
3364
3365
3367
3368
3371
3372
3379
3382
3385
3391
3395
3396
3400
3402
3404
3405
3407
3409
3413
3415
3416
3419
3422
3427
3429
3433
3435
3437
3439
3441
3444
3446
3448
3449
3451
3452
3453
3455
3456
3457
3459
3466
3468
3469
3470
3473
3477
3478
3479
3480
3482
3484
3485
3487
3488
3489
3490
3493
3498
3500
3501
3504
3505
3508
3509
3510
3512
3515
3516
3518
3522
3524
3527
3529
3532
3534
3536
3537
3538
3539
3540
3542
3543
3545
3547
3549
3550
3553
3554
3555
3557
3558
3561
3563
3564
3567
3568
3571
3573
3575
3577
3579
3585
3590
3591
3592
3594
3595
3596
3597
3598
3600
3603
3605
3606
3607
3608
3611
3614
3615
3620
3623
3624
3625
3630
3632
3636
3637
3639
3644
3645
3646
3648
3650
3652
3653
3658
3660
3663
3664
3665
3672
3673
3676
3677
3678
3679
3681
3685
3687
3688
3691
3692
3694
3696
3698
3699
3702
3704
3707
3709
3710
3713
3719
3723
3725
3726
3727
3728
3729
3730
3732
3734
3735
3736
3738
3739
3740
3742
3743
3744
3749
3750
3751
3752
3759
3762
3763
3765
3767
3771
3773
3774
3775
3778
3782
3785
3789
3790
3792
3793
3794
3795
3796
3797
3798
3800
3804
3806
3815
3817
3819
3821
3825
3826
3828
3829
3830
3836
3837
3841
3842
3843
3847
3848
3849
3850
3851
3854
3855
3856
3859
3860
3861
3864
3865
3866
3868
3870
3873
3874
3875
3876
3879
3882
3884
3885
3888
3889
3891
3894
3895
3896
3897
3900
3901
3902
3903
3904
3906
3909
3912
3914
3915
3917
3918
3919
3920
3921
3922
3923
3927
3928
3933
3941
3945
3946
3947
3948
3949
3952
3956
3957
3958
3961
3962
3968
3969
3971
3977
3978
3979
3980
3982
3983
3984
3986
3987
3988
3990
3991
3992
3993
3999
4001
4004
4006
4011
4013
4015
4016
4018
4019
4022
4023
4025
4027
4028
4030
4034
4035
4038
4041
4043
4044
4046
4049
4050
4053
4055
4059
4063
4066
4067
4070
4071
4075
4078
4079
4080
4081
4082
4084
4085
4088
4095
4098
4099
4101
4102
4103
4104
4105
4108
4112
4115
4117
4119
4120
4122
4125
4126
4128
4130
4131
4133
4137
4138
4141
4142
4143
4147
4148
4149
4150
4152
4153
4155
4158
4161
4162
4163
4164
4166
4167
4168
4174
4179
4180
4182
4183
4184
4185
4187
4188
4189
4191
4193
4194
4196
4198
4199
4200
4201
4203
4204
4205
4207
4208
4215
4219
4220
4226
4227
4229
4230
4233
4234
4237
4239
4240
4241
4243
4245
4246
4247
4249
4250
4253
4255
4256
4260
4261
4262
4266
4268
4269
4271
4273
4275
4276
4277
4278
4279
4280
4283
4284
4288
4289
4292
4294
4297
4301
4303
4304
4308
4310
4311
4312
4313
4321
4323
4327
4329
4333
4334
4336
4337
4340
4342
4343
4345
4346
4348
4351
4353
4354
4356
4360
4362
4363
4364
4365
4366
4368
4371
4374
4375
4379
4384
4385
4386
4391
4394
4395
4396
4398
4399
4403
4404
4406
4409
4410
4412
4413
4416
4417
4421
4422
4423
4424
4431
4432
4436
4439
4440
4441
4442
4445
4446
4447
4448
4450
4451
4453
4456
4457
4464
4466
4468
4471
4472
4473
4476
4480
4483
4485
4489
4490
4491
4492
4494
4495
4496
4497
4498
4501
4502
4504
4505
4508
4510
4511
4512
4514
4515
4517
4518
4521
4522
4523
4525
4526
4530
4531
4533
4534
4535
4540
4548
4550
4552
4554
4555
4556
4566
4569
4572
4578
4580
4583
4584
4587
4588
4591
4593
4595
4596
4597
4599
4600
4603
4604
4605
4606
4607
4608
4613
4614
4615
4624
4625
4627
4630
4631
4632
4633
4634
4635
4637
4638
4639
4640
4641
4642
4643
4646
4648
4650
4653
4655
4658
4659
4663
4664
4666
4667
4668
4669
4670
4671
4672
4673
4674
4675
4681
4682
4683
4685
4686
4687
4688
4690
4693
4694
4695
4696
4697
4698
4701
4702
4703
4704
4709
4710
4711
4712
4715
4716
4717
4718
4719
4721
4724
4728
4729
4730
4733
4734
4741
4743
4744
4745
4746
4747
4749
4751
4753
4754
4756
4757
4759
4760
4762
4763
4764
4766
4768
4769
4771
4776
4779
4781
4782
4783
4784
4787
4788
4789
4790
4792
4793
4794
4795
4797
4798
4802
4803
4805
4806
4807
4810
4811
4813
4815
4816
4817
4819
4820
4821
4822
4823
4824
4827
4829
4830
4832
4833
4834
4835
4838
4839
4847
4852
4854
4855
4857
4858
4860
4861
4862
4866
4870
4872
4873
4874
4875
4877
4878
4879
4880
4881
4885
4887
4889
4890
4891
4892
4895
4897
4899
4900
4901
4905
4906
4909
4911
4914
4915
4916
4917
4918
4920
4922
4928
4930
4933
4936
4938
4940
4943
4946
4948
4950
4953
4958
4959
4961
4962
4963
4965
4969
4971
4974
4976
4979
4980
4981
4982
4984
4987
4989
4991
4993
4998
5001
5002
5003
5007
5010
5014
5018
5019
5021
5024
5025
5026
5029
5031
5032
5033
5037
5039
5040
5041
5044
5045
5046
5047
5048
5049
5050
5055
5059
5060
5063
5065
5066
5068
5071
5073
5075
5078
5079
5080
5086
5091
5093
5094
5098
5099
5100
5101
5105
5107
5112
5117
5119
5122
5124
5130
5131
5133
5134
5135
5136
5137
5138
5140
5141
5142
5144
5145
5148
5149
5151
5152
5153
5154
5157
5158
5159
5160
5161
5163
5166
5171
5172
5173
5174
5176
5178
5179
5180
5182
5183
5189
5190
5192
5195
5196
5202
5204
5205
5206
5210
5212
5213
5214
5218
5221
5225
5227
5232
5234
5235
5237
5238
5242
5243
5244
5245
5254
5255
5258
5260
5261
5262
5264
5265
5266
5267
5268
5271
5272
5273
5274
5275
5278
5280
5281
5282
5284
5285
5287
5288
5290
5293
5294
5295
5296
5299
5300
5302
5303
5304
5305
5306
5308
5309
5311
5313
5314
5316
5319
5321
5323
5325
5327
5329
5333
5335
5339
5345
5346
5347
5348
5349
5350
5351
5356
5359
5361
5363
5365
5366
5367
5369
5371
5372
5374
5377
5378
5380
5381
5385
5386
5388
5389
5391
5392
5393
5394
5397
5399
5404
5408
5409
5412
5417
5420
5421
5422
5425
5428
5430
5433
5436
5437
5440
5442
5444
5445
5446
5448
5449
5450
5451
5452
5453
5454
5456
5457
5462
5464
5465
5466
5468
5469
5474
5476
5478
5484
5490
5491
5493
5495
5499
5500
5505
5508
5510
5511
5512
5514
5515
5516
5517
5518
5520
5521
5523
5525
5527
5529
5530
5531
5532
5534
5535
5536
5537
5540
5541
5543
5544
5549
5551
5553
5554
5555
5556
5558
5559
5561
5562
5566
5568
5569
5570
5572
5573
5574
5575
5577
5580
5581
5583
5584
5585
5586
5587
5590
5591
5592
5597
5599
5603
5604
5610
5615
5616
5619
5620
5624
5625
5628
5629
5630
5632
5635
5639
5640
5643
5646
5647
5648
5649
5651
5653
5656
5662
5664
5665
5669
5670
5673
5674
5675
5678
5679
5685
5689
5690
5691
5693
5695
5696
5698
5699
5700
5701
5704
5706
5707
5708
5711
5714
5715
5716
5719
5721
5722
5723
5725
5728
5729
5730
5736
5737
5739
5740
5741
5743
5744
5745
5746
5748
5751
5752
5753
5754
5757
5758
5759
5760
5761
5763
5765
5766
5767
5768
5772
5773
5774
5775
5776
5777
5778
5780
5781
5783
5785
5791
5792
5793
5795
5798
5799
5800
5801
5802
5806
5808
5812
5817
5818
5821
5827
5830
5831
5832
5835
5836
5840
5843
5845
5847
5851
5852
5853
5856
5857
5858
5860
5861
5866
5867
5872
5873
5874
5877
5878
5881
5885
5886
5887
5888
5889
5894
5896
5898
5902
5904
5905
5906
5907
5910
5911
5912
5916
5923
5925
5926
5929
5931
5932
5933
5934
5936
5937
5938
5942
5944
5947
5948
5949
5953
5954
5961
5962
5963
5964
5967
5969
5970
5971
5972
5973
5974
5976
5979
5980
5981
5984
5985
5989
5993
5994
5996
5997
5999
6000
6002
6003
6006
6008
6009
6010
6012
6013
6015
6016
6017
6018
6020
6021
6022
6024
6025
6026
6027
6028
6029
6030
6032
6033
6038
6039
6041
6042
6046
6047
6048
6049
6051
6052
6054
6056
6058
6061
6062
6065
6068
6071
6074
6075
6076
6078
6079
6080
6082
6083
6084
6085
6086
6087
6088
6090
6092
6093
6096
6100
6102
6103
6105
6106
6110
6112
6113
6115
6116
6118
6119
6121
6122
6125
6127
6128
6129
6130
6131
6132
6134
6137
6139
6142
6143
6144
6146
6147
6148
6149
6151
6152
6154
6159
6163
6166
6168
6171
6172
6177
6178
6181
6182
6183
6186
6188
6189
6192
6194
6196
6197
6198
6199
6200
6202
6204
6207
6210
6211
6212
6215
6218
6220
6221
6226
6228
6229
6230
6231
6232
6235
6240
6241
6247
6249
6250
6252
6254
6255
6257
6259
6260
6262
6263
6264
6265
6267
6268
6271
6275
6276
6277
6278
6286
6288
6290
6291
6298
6299
6300
6304
6309
6310
6311
6312
6313
6314
6316
6317
6318
6322
6323
6326
6328
6332
6333
6340
6343
6346
6347
6348
6351
6353
6359
6361
6363
6364
6368
6369
6370
6371
6373
6374
6375
6376
6377
6378
6380
6381
6383
6384
6386
6388
6389
6390
6397
6399
6400
6402
6403
6404
6407
6409
6410
6412
6413
6414
6415
6417
6418
6422
6424
6429
6431
6433
6436
6437
6438
6439
6440
6443
6444
6445
6447
6449
6452
6453
6454
6455
6456
6459
6460
6470
6475
6477
6478
6479
6483
6485
6486
6487
6488
6490
6491
6492
6493
6496
6497
6499
6501
6502
6504
6507
6508
6509
6511
6513
6514
6515
6516
6518
6520
6526
6528
6529
6531
6532
6533
6535
6537
6539
6540
6541
6543
6544
6553
6554
6558
6564
6565
6567
6569
6573
6576
6577
6580
6582
6591
6592
6593
6595
6599
6600
6601
6604
6605
6610
6613
6614
6616
6619
6620
6623
6624
6627
6629
6630
6635
6639
6640
6641
6642
6643
6645
6646
6647
6649
6651
6655
6658
6661
6662
6663
6665
6666
6668
6674
6675
6677
6678
6679
6680
6683
6685
6689
6690
6692
6693
6696
6697
6698
6699
6700
6704
6705
6706
6709
6710
6711
6712
6713
6714
6718
6719
6720
6721
6722
6724
6725
6726
6727
6729
6731
6732
6734
6736
6739
6741
6742
6744
6745
6747
6748
6751
6752
6754
6757
6758
6761
6762
6765
6767
6770
6771
6772
6773
6778
6782
6784
6786
6787
6788
6789
6792
6793
6795
6796
6797
6803
6804
6805
6807
6808
6811
6819
6820
6821
6822
6824
6825
6830
6832
6834
6839
6840
6841
6844
6845
6848
6850
6853
6856
6858
6859
6861
6862
6866
6869
6873
6875
6876
6881
6882
6885
6888
6891
6892
6893
6898
6899
6900
6902
6903
6906
6908
6910
6911
6912
6913
6916
6918
6920
6923
6931
6932
6934
6939
6940
6941
6942
6945
6946
6947
6948
6949
6951
6952
6953
6955
6961
6963
6965
6968
6969
6970
6971
6973
6975
6976
6977
6979
6982
6983
6984
6985
6988
6991
6992
6995
6997
6998
6999
7000
7002
7003
7004
7005
7007
7009
7010
7013
7014
7015
7016
7018
7019
7020
7023
7025
7026
7027
7030
7031
7035
7038
7040
7041
7042
7045
7048
7049
7052
7053
7054
7055
7056
7059
7060
7067
7068
7073
7076
7078
7081
7083
7087
7089
7090
7092
7097
7099
7105
7107
7108
7115
7117
7118
7120
7121
7123
7125
7127
7128
7139
7144
7145
7149
7151
7156
7157
7160
7163
7165
7166
7169
7171
7173
7174
7175
7176
7182
7183
7185
7189
7190
7191
7194
7195
7196
7197
7199
7200
7202
7203
7204
7206
7207
7210
7211
7214
7215
7216
7217
7218
7220
7221
7227
7228
7235
7239
7240
7241
7243
7244
7245
7248
7249
7251
7254
7255
7258
7259
7260
7261
7266
7269
7270
7273
7279
7280
7282
7284
7286
7287
7288
7290
7292
7293
7295
7296
7297
7298
7299
7300
7308
7314
7316
7317
7319
7320
7321
7326
7327
7328
7329
7330
7336
7340
7344
7345
7346
7352
7354
7357
7358
7360
7361
7362
7363
7365
7367
7368
7369
7370
7374
7375
7377
7379
7380
7382
7383
7386
7388
7390
7394
7408
7410
7415
7418
7423
7425
7426
7428
7435
7436
7437
7439
7447
7448
7451
7452
7456
7457
7458
7459
7461
7464
7465
7466
7468
7470
7471
7472
7475
7477
7478
7481
7482
7483
7484
7485
7490
7492
7495
7496
7498
7500
7503
7504
7505
7507
7508
7509
7510
7513
7514
7516
7517
7519
7520
7523
7527
7528
7529
7532
7537
7538
7539
7540
7541
7543
7544
7546
7550
7551
7552
7553
7556
7559
7560
7562
7563
7564
7565
7566
7567
7569
7571
7572
7575
7584
7589
7591
7592
7593
7595
7596
7597
7599
7600
7603
7609
7612
7614
7615
7619
7622
7626
7629
7630
7632
7633
7634
7638
7639
7640
7642
7644
7647
7651
7655
7656
7657
7659
7661
7663
7664
7665
7666
7674
7676
7678
7679
7681
7684
7685
7688
7695
7696
7701
7703
7705
7706
7707
7710
7711
7713
7716
7717
7719
7724
7725
7727
7728
7730
7733
7735
7736
7737
7739
7740
7741
7742
7743
7744
7747
7750
7751
7752
7753
7754
7757
7758
7759
7761
7766
7769
7770
7771
7772
7773
7774
7776
7779
7784
7785
7786
7789
7793
7794
7795
7796
7797
7798
7801
7803
7806
7809
7810
7811
7813
7814
7815
7817
7819
7820
7823
7826
7827
7828
7831
7832
7837
7838
7839
7840
7842
7843
7845
7846
7848
7849
7853
7854
7855
7862
7863
7864
7865
7866
7867
7875
7876
7877
7880
7882
7885
7887
7891
7892
7893
7898
7901
7902
7903
7904
7905
7907
7908
7911
7916
7918
7919
7921
7922
7923
7925
7927
7931
7933
7934
7935
7936
7939
7940
7941
7945
7947
7949
7950
7954
7956
7957
7958
7959
7964
7966
7968
7969
7972
7973
7974
7978
7979
7980
7981
7982
7983
7985
7986
7989
7991
7993
8005
8006
8008
8009
8010
8011
8014
8015
8018
8019
8021
8022
8023
8024
8025
8028
8029
8034
8035
8036
8037
8038
8040
8042
8044
8049
8050
8051
8053
8054
8055
8057
8058
8060
8061
8064
8066
8067
8068
8071
8072
8073
8076
8078
8080
8081
8082
8084
8085
8086
8089
8093
8094
8097
8098
8100
8101
8103
8107
8108
8112
8113
8114
8117
8118
8121
8128
8131
8134
8137
8138
8140
8142
8144
8145
8148
8152
8153
8155
8156
8157
8160
8164
8166
8167
8168
8172
8174
8175
8177
8178
8180
8182
8185
8186
8188
8196
8197
8202
8203
8204
8205
8206
8207
8208
8210
8212
8214
8215
8219
8221
8222
8223
8224
8225
8226
8227
8231
8234
8238
8239
8241
8244
8247
8248
8250
8253
8255
8260
8261
8262
8264
8265
8266
8270
8271
8272
8280
8281
8284
8286
8287
8288
8290
8292
8293
8295
8297
8298
8301
8302
8307
8308
8309
8310
8311
8312
8313
8317
8318
8319
8320
8321
8324
8325
8328
8334
8339
8340
8341
8342
8343
8344
8347
8348
8350
8353
8356
8358
8359
8360
8361
8367
8368
8369
8372
8373
8377
8382
8384
8385
8386
8387
8392
8394
8395
8397
8398
8401
8402
8408
8411
8414
8422
8423
8424
8426
8427
8428
8430
8431
8433
8443
8446
8447
8455
8459
8463
8465
8470
8471
8472
8475
8477
8478
8480
8485
8486
8487
8488
8489
8494
8495
8496
8497
8498
8500
8503
8504
8507
8513
8515
8517
8519
8520
8523
8525
8526
8527
8528
8531
8532
8533
8534
8540
8541
8543
8544
8545
8546
8547
8548
8550
8551
8553
8554
8555
8557
8560
8561
8562
8566
8568
8570
8571
8573
8574
8578
8582
8583
8584
8585
8586
8591
8593
8596
8597
8599
8600
8601
8603
8605
8607
8608
8613
8615
8616
8617
8618
8619
8622
8623
8625
8626
8627
8629
8631
8633
8634
8635
8645
8646
8647
8648
8649
8651
8652
8655
8659
8660
8665
8667
8673
8674
8675
8676
8679
8680
8685
8688
8690
8691
8692
8694
8695
8696
8699
8700
8703
8707
8711
8712
8713
8714
8715
8719
8720
8721
8722
8723
8724
8727
8728
8729
8730
8732
8734
8735
8736
8738
8739
8741
8742
8746
8747
8748
8754
8756
8758
8761
8762
8765
8766
8769
8770
8772
8779
8780
8782
8783
8785
8787
8790
8793
8799
8801
8802
8803
8805
8808
8810
8812
8814
8815
8816
8821
8826
8830
8833
8834
8835
8838
8841
8843
8845
8846
8847
8848
8851
8852
8853
8856
8858
8859
8860
8861
8862
8863
8864
8865
8869
8871
8872
8876
8880
8885
8886
8890
8894
8895
8897
8899
8901
8904
8906
8907
8908
8910
8914
8917
8918
8919
8922
8923
8924
8927
8928
8929
8930
8932
8937
8940
8941
8942
8946
8948
8950
8951
8952
8953
8956
8958
8959
8961
8962
8965
8966
8967
8968
8970
8971
8973
8975
8978
8979
8980
8982
8983
8984
8986
8987
8988
8989
8993
8994
8995
8997
8998
8999
9000
9002
9003
9004
9005
9008
9010
9013
9014
9015
9020
9021
9022
9024
9027
9028
9029
9034
9035
9036
9038
9040
9041
9042
9044
9046
9048
9055
9058
9062
9063
9065
9068
9070
9071
9073
9074
9077
9079
9081
9083
9086
9087
9088
9090
9091
9092
9094
9096
9097
9100
9103
9104
9108
9112
9114
9118
9119
9121
9130
9132
9134
9136
9137
9138
9141
9143
9146
9148
9157
9158
9159
9160
9161
9162
9164
9165
9166
9170
9171
9173
9174
9176
9177
9178
9179
9180
9181
9182
9184
9187
9189
9190
9191
9192
9193
9196
9197
9198
9199
9203
9205
9207
9209
9210
9212
9217
9220
9226
9227
9229
9230
9231
9232
9234
9236
9238
9239
9240
9241
9245
9248
9249
9255
9258
9262
9264
9265
9266
9270
9271
9272
9274
9278
9279
9280
9281
9283
9285
9291
9293
9294
9295
9296
9298
9299
9300
9305
9308
9309
9310
9313
9314
9315
9318
9321
9324
9327
9331
9332
9334
9336
9337
9338
9339
9341
9342
9345
9348
9351
9353
9356
9357
9360
9364
9366
9368
9370
9372
9375
9376
9377
9379
9380
9381
9383
9384
9387
9389
9390
9396
9398
9400
9403
9406
9408
9411
9412
9414
9417
9419
9421
9422
9423
9424
9427
9429
9433
9434
9435
9439
9441
9442
9445
9447
9451
9454
9455
9456
9457
9460
9461
9462
9463
9464
9465
9467
9469
9470
9474
9476
9478
9479
9482
9485
9487
9489
9490
9493
9497
9498
9503
9504
9512
9514
9515
9516
9517
9520
9522
9528
9529
9530
9531
9532
9536
9537
9538
9539
9540
9541
9542
9543
9545
9546
9547
9548
9552
9553
9559
9560
9563
9565
9566
9569
9570
9571
9572
9574
9577
9578
9579
9582
9583
9585
9586
9592
9596
9597
9598
9599
9600
9604
9605
9606
9611
9613
9614
9620
9623
9624
9627
9628
9632
9637
9638
9642
9645
9647
9649
9650
9653
9655
9656
9657
9658
9663
9664
9666
9667
9669
9670
9672
9676
9678
9681
9683
9685
9689
9692
9699
9700
9703
9704
9705
9706
9709
9713
9717
9720
9726
9727
9728
9730
9731
9733
9734
9735
9738
9740
9743
9744
9747
9748
9749
9751
9752
9761
9763
9765
9771
9772
9773
9775
9777
9779
9781
9783
9785
9786
9790
9793
9794
9795
9796
9798
9799
9800
9801
9802
9805
9806
9807
9808
9810
9811
9812
9813
9816
9817
9819
9821
9822
9824
9825
9826
9833
9834
9836
9837
9839
9840
9845
9850
9851
9854
9855
9859
9861
9864
9865
9866
9868
9870
9871
9874
9876
9877
9880
9881
9882
9883
9884
9885
9886
9891
9892
9893
9894
9895
9896
9898
9899
9900
9904
9905
9909
9910
9912
9914
9915
9916
9917
9918
9920
9921
9922
9923
9924
9926
9927
9931
9933
9934
9937
9938
9940
9941
9942
9944
9945
9947
9949
9952
9953
9957
9960
9961
9964
9967
9968
9969
9972
9973
9975
9980
9981
9982
9984
9986
9987
9989
9994
9996
10001
10004
10006
10007
10009
10012
10013
10014
10015
10017
10020
10021
10023
10027
10029
10030
10032
10033
10034
10035
10036
10037
10038
10041
10045
10049
10050
10054
10055
10056
10057
10058
10059
10060
10061
10064
10068
10071
10075
10078
10079
10080
10082
10084
10086
10087
10088
10089
10090
10091
10092
10093
10094
10095
10096
10098
10103
10106
10116
10117
10121
10122
10124
10125
10127
10130
10133
10134
10137
10139
10142
10145
10146
10147
10148
10150
10151
10152
10162
10163
10164
10165
10171
10172
10175
10177
10179
10180
10181
10184
10186
10187
10189
10190
10195
10197
10198
10199
10200
10202
10204
10205
10207
10210
10211
10212
10214
10216
10220
10222
10227
10230
10233
10234
10237
10242
10243
10247
10249
10251
10252
10254
10256
10258
10259
10263
10266
10267
10269
10270
10271
10272
10273
10275
10277
10279
10280
10282
10283
10284
10285
10288
10289
10294
10296
10297
10298
10299
10300
10301
10302
10303
10309
10310
10312
10313
10314
10316
10317
10318
10319
10320
10324
10325
10328
10330
10331
10334
10336
10338
10339
10340
10341
10342
10343
10344
10347
10349
10352
10353
10355
10356
10357
10359
10360
10361
10362
10363
10365
10366
10367
10368
10369
10372
10373
10374
10376
10381
10383
10385
10386
10393
10402
10404
10405
10406
10408
10409
10410
10412
10414
10416
10418
10423
10424
10427
10429
10430
10433
10434
10436
10438
10441
10442
10443
10445
10446
10447
10450
10451
10452
10453
10458
10459
10460
10461
10462
10463
10464
10467
10469
10470
10471
10472
10476
10477
10478
10479
10480
10481
10483
10484
10487
10488
10489
10490
10491
10492
10493
10494
10495
10497
10498
10499
10500
10503
10504
10505
10508
10509
10510
10511
10512
10514
10515
10516
10518
10520
10521
10522
10525
10528
10529
10531
10532
10533
10534
10535
10538
10539
10541
10542
10544
10545
10550
10551
10554
10561
10562
10563
10568
10569
10570
10571
10572
10573
10575
10576
10578
10581
10586
10588
10590
10591
10592
10593
10598
10600
10601
10602
10605
10606
10607
10609
10614
10616
10617
10618
10620
10624
10625
10626
10628
10629
10630
10632
10633
10634
10635
10637
10638
10641
10642
10649
10651
10652
10654
10655
10656
10658
10661
10663
10665
10674
10675
10679
10682
10687
10688
10691
10693
10694
10697
10698
10699
10701
10703
10706
10708
10709
10710
10712
10713
10720
10722
10723
10724
10728
10731
10734
10736
10738
10740
10744
10745
10747
10751
10752
10754
10755
10756
10757
10758
10759
10761
10762
10763
10765
10766
10767
10768
10769
10772
10776
10777
10780
10782
10783
10785
10786
10788
10789
10792
10793
10794
10795
10796
10797
10800
10801
10805
10806
10807
10809
10810
10812
10813
10815
10817
10822
10823
10825
10827
10828
10831
10833
10835
10839
10845
10848
10850
10851
10854
10855
10859
10861
10863
10866
10868
10874
10875
10879
10885
10887
10890
10891
10898
10899
10900
10902
10904
10905
10906
10907
10908
10909
10915
10916
10917
10919
10920
10921
10923
10924
10925
10926
10927
10928
10931
10933
10936
10939
10941
10942
10944
10947
10949
10950
10951
10953
10955
10957
10959
10961
10962
10963
10965
10968
10969
10971
10973
10978
10979
10981
10983
10984
10985
10988
10994
10995
11001
11005
11008
11009
11013
11014
11020
11021
11023
11026
11027
11028
11030
11031
11032
11034
11035
11036
11037
11038
11039
11043
11045
11046
11050
11051
11054
11055
11056
11057
11059
11061
11063
11064
11068
11069
11076
11077
11078
11081
11083
11084
11087
11089
11090
11092
11093
11094
11096
11097
11100
11102
11104
11106
11108
11109
11110
11111
11112
11113
11116
11117
11118
11119
11121
11124
11125
11126
11129
11130
11137
11140
11143
11145
11153
11158
11162
11163
11165
11169
11172
11173
11174
11175
11180
11182
11183
11185
11189
11190
11191
11192
11193
11194
11196
11197
11198
11199
11203
11205
11206
11207
11210
11211
11212
11215
11218
11223
11224
11225
11226
11228
11229
11231
11232
11235
11237
11238
11240
11242
11247
11248
11250
11251
11252
11255
11257
11258
11259
11261
11267
11269
11270
11271
11273
11274
11275
11276
11277
11278
11279
11282
11284
11285
11286
11287
11291
11292
11293
11299
11300
11302
11304
11305
11309
11311
11312
11313
11315
11317
11318
11319
11320
11324
11333
11336
11338
11339
11340
11341
11343
11344
11347
11350
11351
11359
11360
11361
11362
11364
11366
11367
11368
11369
11371
11372
11373
11376
11377
11378
11381
11384
11385
11386
11388
11390
11391
11392
11395
11396
11398
11399
11400
11402
11404
11407
11408
11409
11413
11415
11416
11417
11418
11419
11421
11423
11424
11426
11427
11428
11429
11435
11436
11438
11440
11442
11443
11444
11446
11447
11453
11454
11455
11456
11459
11463
11470
11471
11474
11475
11477
11478
11482
11483
11488
11489
11490
11491
11494
11495
11497
11499
11501
11504
11508
11513
11516
11518
11526
11528
11530
11540
11543
11555
11558
11559
11562
11563
11567
11569
11570
11571
11572
11573
11575
11576
11578
11583
11584
11588
11590
11593
11595
11599
11600
11604
11612
11613
11614
11616
11618
11619
11620
11622
11623
11624
11626
11627
11630
11632
11633
11634
11635
11636
11639
11641
11643
11644
11645
11646
11647
11648
11651
11654
11655
11656
11659
11660
11661
11662
11663
11664
11665
11666
11667
11671
11672
11673
11676
11678
11679
11682
11689
11690
11691
11692
11693
11700
11703
11704
11707
11708
11711
11715
11716
11717
11721
11722
11724
11725
11726
11728
11732
11733
11734
11735
11740
11741
11743
11746
11747
11748
11751
11752
11753
11756
11757
11758
11762
11763
11764
11765
11766
11768
11769
11771
11773
11774
11776
11777
11780
11781
11782
11783
11785
11787
11790
11792
11796
11797
11804
11805
11807
11810
11811
11812
11813
11815
11816
11817
11819
11820
11821
11822
11823
11826
11827
11829
11831
11833
11834
11835
11837
11839
11840
11841
11844
11847
11850
11852
11855
11856
11857
11858
11863
11866
11867
11868
11869
11874
11876
11878
11884
11891
11893
11895
11896
11897
11899
11901
11903
11905
11907
11909
11913
11918
11920
11921
11922
11925
11926
11929
11935
11936
11937
11938
11939
11940
11941
11945
11947
11948
11950
11951
11953
11955
11957
11958
11960
11962
11963
11965
11968
11969
11970
11971
11972
11974
11978
11979
11980
11981
11982
11983
11984
11985
11986
11987
11991
11993
11995
11997
11998
11999
12000
12001
12010
12014
12015
12019
12022
12024
12025
12027
12029
12030
12031
12033
12034
12040
12042
12043
12044
12046
12047
12049
12052
12053
12055
12056
12057
12065
12066
12067
12068
12070
12071
12072
12075
12076
12078
12080
12081
12082
12083
12084
12085
12090
12091
12092
12093
12094
12097
12098
12099
12100
12101
12102
12103
12104
12105
12106
12108
12109
12110
12111
12112
12113
12115
12116
12120
12121
12122
12123
12124
12125
12127
12130
12131
12140
12142
12143
12146
12147
12149
12150
12151
12152
12154
12155
12158
12159
12160
12167
12169
12173
12174
12176
12177
12179
12183
12184
12185
12186
12190
12193
12194
12195
12197
12198
12200
12205
12208
12209
12210
12212
12213
12214
12217
12218
12221
12222
12228
12233
12234
12237
12238
12239
12240
12242
12245
12248
12250
12258
12259
12262
12264
12267
12268
12269
12270
12271
12272
12274
12275
12276
12277
12282
12283
12284
12285
12287
12289
12290
12291
12294
12295
12297
12298
12302
12306
12307
12308
12313
12315
12317
12318
12320
12322
12324
12326
12333
12334
12336
12337
12338
12339
12340
12341
12342
12343
12346
12347
12348
12349
12350
12352
12356
12359
12360
12365
12366
12368
12370
12372
12373
12376
12379
12380
12383
12385
12386
12388
12389
12392
12394
12396
12397
12400
12402
12404
12406
12411
12412
12414
12415
12418
12419
12422
12423
12425
12426
12428
12431
12433
12434
12435
12436
12439
12443
12445
12447
12449
12452
12453
12454
12458
12459
12460
12461
12462
12463
12466
12469
12470
12472
12475
12479
12480
12482
12485
12486
12487
12489
12490
12494
12496
12500
12501
12503
12504
12505
12507
12509
12510
12512
12516
12517
12518
12519
12523
12525
12526
12528
12529
12530
12531
12534
12536
12537
12538
12540
12541
12543
12545
12548
12549
12552
12555
12556
12559
12561
12562
12564
12565
12567
12568
12570
12571
12572
12573
12576
12577
12578
12580
12583
12585
12590
12591
12592
12594
12595
12598
12601
12604
12605
12606
12610
12611
12615
12616
12617
12622
12627
12628
12629
12631
12634
12635
12636
12637
12638
12639
12641
12645
12648
12649
12651
12654
12656
12657
12658
12659
12661
12662
12663
12664
12665
12666
12667
12668
12674
12676
12677
12681
12683
12684
12686
12687
12688
12689
12691
12692
12694
12696
12701
12704
12707
12708
12709
12712
12715
12716
12725
12726
12729
12731
12732
12733
12734
12735
12738
12741
12745
12751
12752
12754
12755
12757
12758
12764
12765
12768
12770
12771
12773
12774
12775
12776
12778
12784
12786
12789
12791
12794
12795
12797
12798
12800
12803
12804
12806
12809
12810
12811
12812
12813
12814
12815
12818
12822
12823
12824
12831
12833
12835
12838
12840
12843
12844
12845
12847
12850
12853
12854
12855
12856
12857
12860
12861
12866
12867
12868
12870
12872
12875
12877
12879
12880
12881
12882
12883
12884
12886
12887
12888
12890
12892
12894
12895
12900
12901
12902
12903
12904
12905
12907
12908
12913
12915
12917
12920
12922
12923
12924
12926
12927
12928
12929
12930
12934
12936
12938
12939
12940
12941
12944
12948
12950
12951
12953
12954
12955
12959
12960
12961
12964
12965
12966
12969
12971
12973
12977
12979
12985
12987
12990
12991
12993
12994
12995
12997
13001
13002
13006
13008
13014
13015
13016
13017
13018
13019
13020
13021
13022
13025
13026
13027
13028
13029
13031
13034
13037
13040
13042
13043
13044
13046
13056
13057
13058
13059
13060
13061
13063
13064
13065
13069
13070
13080
13081
13084
13085
13087
13088
13090
13094
13095
13097
13098
13099
13100
13102
13104
13105
13106
13107
13114
13116
13118
13124
13125
13126
13128
13129
13130
13133
13134
13135
13137
13138
13141
13142
13143
13144
13145
13147
13149
13150
13152
13154
13155
13156
13158
13160
13161
13165
13167
13168
13173
13174
13178
13179
13180
13181
13182
13183
13184
13187
13188
13190
13195
13199
13205
13206
13207
13208
13209
13212
13215
13216
13217
13218
13221
13222
13223
13224
13225
13228
13229
13230
13231
13233
13235
13239
13241
13242
13244
13246
13247
13248
13251
13254
13255
13256
13263
13264
13265
13266
13267
13270
13272
13273
13274
13275
13282
13283
13284
13285
13288
13289
13300
13301
13304
13305
13307
13308
13309
13311
13316
13317
13320
13322
13326
13328
13331
13332
13334
13337
13338
13339
13340
13342
13347
13348
13350
13351
13358
13360
13362
13363
13364
13368
13369
13371
13375
13378
13382
13383
13386
13388
13389
13390
13391
13392
13394
13395
13396
13398
13399
13405
13407
13409
13410
13413
13414
13415
13416
13417
13418
13419
13421
13422
13425
13426
13432
13433
13435
13436
13437
13439
13440
13443
13444
13446
13447
13451
13453
13454
13455
13460
13461
13462
13463
13464
13465
13466
13467
13468
13469
13470
13471
13478
13480
13481
13482
13484
13485
13486
13487
13490
13491
13492
13493
13497
13498
13502
13503
13504
13505
13508
13511
13512
13514
13517
13518
13521
13523
13524
13528
13529
13532
13535
13537
13542
13544
13548
13554
13556
13559
13561
13563
13564
13566
13570
13571
13573
13576
13578
13580
13582
13583
13584
13587
13588
13590
13596
13597
13598
13599
13600
13602
13603
13604
13605
13606
13608
13609
13611
13614
13616
13618
13620
13625
13626
13627
13628
13629
13632
13633
13634
13637
13638
13640
13642
13644
13647
13648
13654
13655
13656
13657
13660
13662
13663
13665
13666
13668
13671
13673
13674
13677
13678
13679
13680
13685
13686
13688
13689
13690
13693
13697
13699
13700
13701
13706
13707
13708
13713
13714
13717
13718
13719
13721
13725
13727
13728
13729
13732
13733
13734
13737
13738
13739
13742
13744
13745
13746
13747
13748
13750
13751
13752
13754
13755
13756
13759
13761
13762
13764
13766
13767
13768
13771
13772
13773
13776
13777
13779
13781
13782
13786
13788
13789
13793
13794
13796
13798
13799
13802
13804
13806
13807
13808
13810
13812
13813
13814
13815
13820
13823
13828
13829
13830
13831
13832
13834
13835
13836
13839
13840
13843
13844
13845
13846
13847
13853
13854
13855
13856
13857
13859
13861
13862
13863
13864
13867
13869
13871
13873
13874
13876
13881
13884
13885
13887
13888
13889
13890
13892
13894
13895
13896
13902
13904
13907
13908
13913
13914
13915
13916
13917
13918
13922
13925
13928
13929
13930
13935
13936
13938
13940
13943
13944
13947
13956
13958
13959
13960
13961
13962
13964
13966
13967
13969
13970
13971
13972
13973
13974
13975
13976
13978
13983
13984
13986
13990
13992
13993
13996
13998
13999
14001
14003
14005
14006
14008
14009
14014
14016
14017
14019
14020
14021
14023
14029
14030
14032
14033
14036
14037
14038
14040
14041
14042
14043
14044
14048
14049
14050
14052
14053
14058
14059
14061
14063
14067
14068
14070
14071
14072
14074
14076
14078
14083
14084
14085
14090
14092
14094
14095
14096
14098
14099
14102
14104
14108
14114
14119
14125
14128
14130
14131
14136
14137
14138
14139
14145
14146
14147
14148
14149
14150
14154
14155
14157
14159
14161
14162
14164
14165
14166
14168
14169
14170
14171
14175
14176
14178
14179
14180
14182
14183
14184
14187
14189
14191
14195
14196
14197
14199
14200
14201
14205
14206
14207
14208
14210
14211
14212
14213
14218
14219
14223
14224
14225
14226
14228
14230
14236
14239
14240
14241
14242
14243
14244
14245
14248
14251
14254
14255
14256
14257
14258
14259
14262
14263
14265
14266
14268
14269
14271
14272
14273
14276
14277
14279
14280
14284
14285
14286
14287
14292
14294
14295
14296
14300
14302
14303
14304
14305
14308
14310
14311
14312
14314
14315
14318
14319
14320
14321
14323
14327
14328
14329
14330
14331
14332
14334
14336
14338
14339
14341
14343
14344
14345
14346
14347
14348
14350
14353
14355
14356
14359
14362
14364
14365
14367
14368
14369
14370
14372
14373
14376
14379
14380
14384
14387
14391
14392
14393
14395
14397
14398
14400
14402
14403
14405
14407
14409
14411
14412
14414
14420
14421
14422
14424
14425
14426
14427
14430
14434
14436
14439
14440
14441
14443
14444
14445
14447
14449
14450
14452
14456
14457
14458
14464
14467
14469
14470
14471
14473
14475
14479
14482
14486
14489
14494
14495
14497
14498
14501
14502
14503
14506
14512
14514
14517
14519
14522
14525
14528
14529
14531
14534
14537
14538
14541
14542
14543
14545
14546
14547
14549
14550
14551
14553
14554
14556
14557
14558
14559
14560
14561
14562
14565
14567
14568
14572
14573
14574
14575
14576
14581
14586
14590
14592
14593
14595
14596
14597
14599
14600
14602
14605
14609
14614
14615
14616
14619
14620
14622
14624
14628
14629
14637
14639
14640
14645
14646
14647
14649
14653
14654
14657
14660
14662
14663
14666
14667
14669
14670
14672
14673
14675
14676
14677
14679
14681
14682
14683
14684
14687
14688
14691
14692
14693
14695
14696
14698
14700
14701
14703
14707
14708
14710
14711
14712
14717
14719
14723
14724
14725
14726
14728
14730
14733
14734
14735
14736
14738
14740
14741
14744
14747
14748
14750
14751
14752
14753
14755
14756
14759
14761
14763
14764
14766
14768
14771
14773
14774
14775
14776
14777
14778
14779
14781
14783
14784
14785
14786
14788
14789
14790
14791
14795
14799
14800
14802
14803
14804
14806
14807
14813
14814
14816
14817
14820
14824
14827
14829
14832
14835
14836
14837
14838
14840
14843
14844
14845
14846
14848
14852
14853
14856
14858
14859
14860
14861
14863
14864
14865
14866
14867
14869
14870
14871
14873
14883
14886
14887
14888
14890
14893
14894
14896
14898
14900
14904
14905
14908
14910
14911
14912
14915
14916
14918
14919
14921
14923
14926
14928
14930
14931
14932
14933
14934
14938
14939
14941
14944
14947
14950
14952
14956
14957
14958
14960
14961
14963
14964
14966
14967
14970
14972
14975
14976
14983
14985
14987
14989
14990
15002
15004
15005
15006
15010
15011
15012
15013
15015
15016
15017
15020
15025
15027
15028
15029
15031
15032
15035
15036
15038
15039
15041
15042
15043
15050
15051
15052
15053
15055
15056
15061
15063
15064
15065
15067
15069
15071
15076
15080
15081
15083
15085
15086
15087
15090
15091
15092
15093
15096
15098
15101
15104
15106
15108
15110
15117
15118
15123
15125
15128
15129
15130
15131
15133
15137
15139
15141
15143
15145
15146
15147
15149
15151
15152
15153
15156
15158
15162
15165
15166
15168
15171
15173
15175
15176
15186
15190
15191
15195
15196
15197
15198
15201
15203
15204
15207
15208
15212
15213
15215
15220
15222
15223
15228
15233
15237
15239
15241
15244
15247
15248
15252
15253
15254
15255
15257
15258
15261
15263
15264
15265
15266
15267
15270
15272
15275
15277
15278
15279
15280
15282
15283
15286
15289
15290
15293
15294
15295
15296
15297
15300
15301
15302
15303
15305
15306
15307
15308
15309
15310
15312
15314
15315
15318
15319
15320
15322
15324
15326
15327
15328
15335
15336
15337
15338
15340
15341
15343
15347
15349
15350
15352
15353
15356
15358
15361
15362
15364
15365
15367
15370
15371
15372
15374
15375
15376
15377
15378
15379
15381
15387
15388
15391
15393
15397
15398
15399
15402
15405
15411
15412
15413
15415
15418
15421
15423
15424
15425
15426
15427
15430
15433
15434
15437
15439
15440
15443
15445
15447
15448
15449
15452
15453
15454
15457
15459
15460
15462
15466
15469
15470
15472
15473
15474
15477
15478
15479
15485
15486
15492
15493
15495
15497
15498
15499
15500
15503
15504
15508
15509
15512
15515
15517
15519
15523
15524
15525
15526
15529
15531
15532
15533
15534
15537
15539
15543
15551
15552
15554
15555
15556
15559
15560
15561
15565
15566
15567
15568
15569
15570
15573
15574
15575
15585
15587
15588
15590
15591
15592
15594
15595
15597
15598
15599
15600
15604
15606
15607
15608
15609
15611
15612
15614
15617
15622
15623
15624
15625
15626
15628
15630
15632
15635
15637
15638
15640
15641
15642
15643
15645
15647
15649
15652
15653
15655
15657
15658
15659
15660
15664
15666
15667
15671
15674
15675
15678
15679
15680
15686
15687
15688
15689
15693
15695
15696
15698
15700
15701
15702
15704
15706
15707
15709
15713
15716
15720
15721
15722
15723
15725
15726
15727
15731
15733
15734
15735
15737
15740
15741
15750
15751
15752
15753
15754
15756
15761
15763
15764
15765
15766
15769
15770
15771
15772
15774
15775
15778
15782
15787
15788
15790
15791
15794
15798
15800
15801
15803
15805
15806
15810
15812
15815
15821
15825
15826
15829
15830
15831
15832
15833
15835
15836
15837
15838
15840
15841
15842
15844
15845
15846
15848
15852
15853
15854
15859
15860
15861
15862
15866
15868
15869
15870
15871
15874
15875
15876
15877
15878
15879
15880
15882
15885
15886
15889
15890
15893
15896
15900
15901
15903
15906
15907
15908
15909
15913
15915
15917
15918
15920
15921
15923
15925
15926
15927
15932
15935
15936
15938
15939
15940
15941
15942
15950
15952
15954
15956
15959
15960
15961
15962
15963
15965
15966
15969
15972
15973
15975
15979
15982
15983
15984
15985
15986
15987
15988
15989
15990
15991
15992
15993
15994
15995
15996
15998
15999
16001
16002
16004
16007
16009
16010
16011
16015
16016
16017
16019
16023
16024
16026
16028
16030
16033
16035
16036
16038
16043
16044
16045
16046
16047
16048
16049
16051
16052
16053
16055
16056
16057
16058
16059
16062
16064
16066
16068
16070
16072
16073
16075
16076
16077
16078
16079
16080
16081
16083
16085
16087
16088
16090
16091
16094
16097
16098
16099
16104
16105
16106
16108
16109
16110
16111
16114
16117
16118
16119
16121
16122
16123
16126
16129
16133
16136
16140
16141
16142
16143
16145
16147
16152
16155
16156
16157
16158
16159
16163
16166
16168
16169
16170
16172
16173
16174
16178
16185
16187
16189
16191
16192
16197
16200
16201
16202
16203
16204
16205
16211
16213
16214
16215
16216
16220
16221
16223
16224
16225
16227
16228
16230
16233
16236
16237
16240
16241
16242
16245
16246
16247
16248
16250
16251
16254
16255
16256
16257
16259
16261
16262
16263
16264
16265
16268
16269
16272
16274
16276
16278
16281
16283
16284
16290
16291
16292
16293
16294
16298
16301
16302
16307
16312
16315
16317
16320
16321
16322
16324
16325
16326
16330
16332
16333
16334
16335
16336
16340
16343
16346
16347
16348
16349
16350
16353
16356
16357
16359
16362
16364
16366
16367
16372
16373
16374
16375
16379
16381
16384
16386
16387
16389
16391
16392
16397
16398
16399
16400
16401
16402
16403
16404
16405
16406
16408
16409
16410
16412
16418
16420
16423
16425
16427
16428
16430
16435
16436
16437
16438
16439
16443
16445
16446
16449
16451
16453
16455
16463
16464
16465
16466
16468
16471
16473
16476
16479
16480
16483
16484
16485
16487
16488
16492
16494
16495
16498
16499
16501
16502
16504
16505
16507
16509
16510
16512
16515
16519
16521
16523
16524
16525
16529
16530
16535
16538
16539
16540
16543
16544
16545
16548
16549
16550
16553
16555
16556
16557
16558
16561
16562
16565
16568
16569
16570
16571
16574
16576
16577
16579
16580
16581
16583
16584
16585
16586
16587
16588
16590
16594
16595
16597
16599
16600
16601
16602
16603
16604
16606
16607
16608
16611
16612
16614
16618
16620
16621
16622
16627
16629
16630
16634
16638
16640
16643
16644
16647
16649
16650
16653
16656
16657
16661
16662
16665
16667
16668
16669
16676
16677
16678
16679
16681
16682
16683
16684
16689
16693
16694
16696
16697
16698
16702
16704
16706
16707
16708
16709
16710
16712
16713
16717
16720
16726
16728
16730
16731
16732
16733
16735
16736
16738
16740
16742
16747
16748
16750
16753
16754
16756
16759
16761
16764
16765
16768
16769
16772
16774
16775
16776
16784
16787
16788
16789
16790
16792
16793
16794
16795
16797
16799
16801
16807
16808
16809
16810
16811
16812
16813
16814
16815
16817
16818
16819
16821
16822
16827
16828
16831
16832
16835
16837
16838
16839
16843
16844
16845
16850
16853
16858
16865
16872
16873
16876
16878
16879
16880
16881
16883
16885
16887
16888
16889
16890
16894
16895
16899
16900
16901
16902
16903
16904
16905
16908
16909
16912
16914
16916
16917
16923
16929
16933
16935
16937
16939
16943
16947
16948
16949
16950
16954
16955
16956
16958
16959
16961
16963
16966
16967
16969
16976
16979
16980
16983
16984
16988
16989
16990
16992
16996
16998
17000
17002
17003
17004
17007
17009
17011
17014
17015
17017
17019
17021
17022
17025
17027
17032
17033
17035
17036
17037
17038
17039
17040
17041
17045
17047
17049
17052
17053
17056
17058
17060
17062
17063
17064
17066
17067
17071
17072
17073
17077
17078
17079
17081
17096
17097
17100
17102
17103
17104
17105
17106
17109
17114
17115
17117
17121
17122
17123
17124
17125
17129
17130
17134
17135
17138
17139
17140
17141
17144
17149
17153
17154
17156
17158
17159
17161
17162
17163
17165
17166
17168
17169
17170
17173
17176
17177
17178
17181
17182
17183
17187
17189
17190
17193
17195
17200
17201
17202
17203
17205
17212
17214
17218
17219
17224
17225
17229
17230
17232
17233
17234
17235
17237
17240
17243
17244
17245
17251
17253
17258
17260
17267
17268
17270
17271
17276
17277
17286
17289
17292
17293
17296
17300
17301
17302
17303
17305
17313
17314
17315
17318
17319
17324
17328
17330
17339
17340
17341
17346
17347
17350
17352
17359
17361
17363
17365
17367
17368
17371
17372
17373
17374
17375
17376
17377
17380
17383
17384
17385
17387
17389
17390
17392
17393
17394
17395
17396
17397
17398
17399
17400
17402
17403
17405
17406
17411
17412
17413
17414
17416
17419
17420
17425
17427
17429
17430
17431
17432
17439
17443
17447
17448
17449
17452
17455
17456
17458
17459
17462
17464
17466
17467
17468
17469
17470
17474
17478
17479
17480
17481
17486
17489
17492
17495
17496
17499
17500
17501
17502
17503
17506
17510
17512
17513
17514
17515
17516
17517
17519
17520
17521
17522
17523
17524
17525
17527
17529
17530
17531
17534
17535
17536
17540
17541
17542
17544
17546
17551
17552
17553
17556
17563
17565
17566
17567
17568
17569
17570
17573
17575
17576
17578
17584
17585
17588
17589
17590
17591
17592
17594
17596
17598
17599
17609
17610
17612
17614
17616
17617
17618
17619
17621
17622
17623
17626
17627
17632
17636
17639
17640
17641
17642
17643
17645
17646
17647
17648
17652
17659
17660
17666
17667
17669
17671
17674
17675
17676
17679
17680
17681
17682
17687
17688
17690
17694
17695
17696
17697
17698
17699
17701
17702
17703
17704
17707
17708
17711
17712
17714
17715
17718
17719
17721
17722
17724
17729
17730
17733
17736
17737
17738
17739
17741
17744
17745
17746
17750
17751
17755
17756
17757
17758
17760
17762
17763
17764
17766
17769
17770
17771
17772
17777
17783
17787
17789
17790
17791
17796
17797
17799
17800
17801
17802
17804
17809
17811
17816
17818
17819
17820
17822
17823
17824
17825
17827
17833
17834
17835
17836
17837
17839
17843
17845
17848
17853
17856
17857
17858
17859
17860
17861
17864
17866
17867
17868
17869
17870
17872
17873
17876
17883
17887
17888
17889
17896
17899
17900
17902
17903
17905
17910
17911
17912
17913
17914
17916
17918
17919
17920
17921
17922
17924
17925
17932
17933
17934
17938
17939
17940
17941
17942
17943
17945
17947
17950
17951
17952
17954
17956
17957
17958
17959
17961
17966
17967
17968
17970
17972
17979
17983
17987
17988
17989
17990
17991
17992
17993
17994
17995
17997
17999
18001
18003
18010
18011
18013
18015
18016
18017
18019
18020
18021
18022
18025
18026
18028
18029
18033
18035
18036
18038
18039
18043
18044
18050
18051
18053
18054
18056
18058
18059
18060
18061
18062
18063
18064
18065
18066
18067
18068
18069
18071
18074
18076
18078
18081
18083
18084
18085
18089
18090
18092
18094
18097
18098
18099
18100
18102
18103
18105
18106
18107
18113
18114
18115
18116
18118
18123
18124
18127
18132
18133
18134
18136
18137
18138
18139
18141
18142
18143
18144
18147
18148
18149
18150
18152
18155
18158
18159
18161
18162
18164
18168
18176
18180
18182
18191
18192
18193
18195
18198
18199
18200
18203
18204
18206
18208
18211
18216
18218
18221
18223
18227
18228
18229
18230
18232
18235
18236
18237
18240
18245
18246
18248
18250
18251
18255
18256
18257
18261
18263
18265
18266
18267
18268
18269
18271
18274
18282
18283
18285
18286
18287
18297
18299
18300
18301
18302
18304
18305
18307
18309
18311
18312
18313
18314
18315
18319
18320
18322
18324
18325
18326
18328
18330
18335
18337
18338
18342
18344
18347
18349
18350
18351
18352
18354
18360
18363
18364
18366
18368
18369
18374
18377
18380
18381
18383
18384
18387
18389
18391
18393
18394
18395
18397
18399
18402
18403
18404
18408
18410
18411
18412
18413
18414
18415
18416
18417
18418
18421
18422
18424
18425
18426
18427
18429
18433
18434
18435
18437
18439
18440
18441
18442
18444
18446
18447
18450
18451
18452
18453
18456
18457
18458
18459
18461
18467
18474
18475
18476
18477
18478
18482
18483
18485
18487
18489
18490
18491
18493
18494
18499
18501
18503
18504
18505
18508
18510
18515
18516
18517
18522
18523
18525
18527
18529
18532
18536
18537
18540
18542
18544
18545
18546
18547
18550
18552
18553
18556
18558
18563
18566
18567
18571
18572
18576
18578
18581
18584
18585
18586
18588
18590
18594
18595
18597
18600
18601
18603
18604
18605
18606
18607
18608
18610
18611
18614
18615
18616
18617
18618
18620
18624
18630
18633
18636
18642
18643
18646
18648
18653
18654
18656
18660
18662
18664
18667
18668
18669
18675
18676
18677
18678
18682
18684
18685
18689
18691
18693
18697
18699
18700
18704
18705
18706
18708
18710
18711
18712
18715
18716
18717
18721
18722
18723
18725
18728
18731
18733
18735
18737
18738
18741
18743
18744
18745
18746
18752
18754
18756
18759
18760
18761
18763
18764
18765
18768
18769
18771
18772
18773
18776
18777
18779
18780
18782
18783
18784
18787
18788
18790
18791
18792
18796
18803
18805
18807
18809
18810
18811
18812
18814
18816
18817
18822
18823
18826
18827
18829
18830
18831
18837
18838
18843
18844
18845
18846
18849
18850
18851
18859
18860
18861
18868
18869
18870
18872
18874
18876
18877
18878
18882
18885
18886
18888
18889
18890
18898
18900
18902
18903
18904
18905
18906
18907
18911
18912
18915
18916
18918
18920
18925
18932
18934
18936
18937
18938
18943
18945
18952
18954
18955
18959
18960
18963
18964
18966
18968
18970
18972
18973
18974
18976
18981
18983
18986
18987
18988
18990
18992
18993
18994
18996
18999
19000
19001
19004
19007
19008
19009
19010
19012
19013
19014
19016
19017
19019
19021
19022
19023
19027
19029
19032
19033
19034
19035
19037
19041
19043
19044
19047
19048
19051
19052
19053
19055
19056
19059
19062
19065
19066
19070
19071
19072
19073
19076
19077
19080
19081
19083
19084
19085
19086
19087
19089
19091
19094
19095
19096
19097
19099
19101
19108
19109
19110
19111
19112
19114
19117
19119
19125
19129
19130
19131
19132
19133
19134
19138
19139
19140
19144
19146
19147
19148
19153
19155
19157
19158
19166
19167
19168
19169
19170
19171
19172
19175
19176
19178
19179
19189
19191
19194
19195
19198
19199
19201
19202
19203
19204
19205
19207
19209
19213
19214
19217
19218
19221
19224
19226
19227
19228
19230
19233
19234
19235
19237
19238
19239
19243
19244
19245
19247
19248
19250
19255
19261
19263
19264
19269
19270
19271
19272
19273
19274
19277
19281
19284
19285
19286
19288
19291
19293
19294
19295
19296
19297
19298
19303
19304
19306
19307
19308
19309
19310
19311
19312
19318
19322
19325
19328
19329
19330
19334
19335
19336
19337
19338
19343
19352
19353
19354
19356
19358
19359
19361
19362
19363
19364
19365
19366
19367
19368
19370
19371
19375
19376
19377
19378
19379
19380
19382
19383
19385
19387
19390
19394
19395
19396
19397
19399
19401
19404
19409
19411
19413
19414
19416
19417
19419
19420
19421
19422
19423
19424
19429
19430
19432
19433
19437
19439
19441
19451
19453
19457
19459
19462
19463
19464
19467
19471
19475
19477
19478
19479
19481
19483
19485
19486
19487
19489
19492
19494
19495
19496
19497
19498
19500
19501
19503
19505
19507
19510
19511
19515
19516
19517
19519
19520
19521
19525
19526
19527
19528
19530
19531
19533
19534
19537
19538
19539
19540
19542
19543
19544
19545
19547
19550
19551
19553
19556
19559
19562
19563
19565
19566
19567
19568
19570
19571
19573
19574
19579
19582
19583
19584
19585
19586
19587
19589
19590
19591
19592
19594
19595
19597
19598
19601
19602
19604
19605
19606
19610
19611
19614
19615
19616
19617
19624
19626
19627
19628
19631
19635
19637
19639
19642
19646
19647
19649
19653
19655
19657
19658
19661
19666
19669
19670
19672
19674
19675
19676
19677
19682
19683
19684
19685
19691
19693
19695
19704
19706
19707
19709
19711
19712
19714
19715
19716
19717
19719
19720
19721
19723
19724
19725
19728
19732
19734
19736
19738
19740
19741
19743
19747
19748
19753
19756
19758
19759
19760
19762
19763
19766
19773
19775
19777
19778
19786
19788
19789
19790
19791
19793
19794
19796
19806
19809
19815
19816
19817
19821
19822
19823
19824
19826
19830
19831
19832
19833
19834
19835
19837
19839
19841
19844
19846
19847
19848
19850
19851
19852
19856
19859
19860
19865
19867
19868
19869
19871
19873
19874
19877
19879
19880
19881
19883
19885
19886
19893
19894
19895
19899
19901
19904
19905
19906
19907
19908
19909
19910
19911
19912
19913
19916
19918
19920
19921
19922
19923
19926
19927
19928
19929
19930
19931
19932
19933
19935
19937
19944
19950
19951
19953
19954
19956
19958
19963
19967
19968
19971
19973
19976
19978
19980
19981
19982
19983
19985
19988
19990
19992
19994
19997
19999
20000
