3
11
12
20
26
35
37
45
50
51
56
61
64
66
67
70
71
74
75
76
83
88
90
91
95
100
104
107
114
119
125
126
127
128
130
131
132
134
137
139
140
150
151
152
153
164
169
171
176
180
186
187
192
193
198
202
203
205
230
231
232
239
242
250
251
257
259
274
275
277
284
285
288
289
291
292
295
297
300
301
302
304
308
309
310
313
314
317
321
325
327
330
336
337
338
345
348
354
358
360
362
368
370
374
376
381
384
389
391
395
405
407
409
410
414
417
421
422
424
425
426
431
432
435
438
440
441
443
445
447
450
452
454
458
459
461
464
467
470
471
472
474
476
477
478
481
487
490
493
500
502
503
505
514
516
518
520
521
525
526
528
532
535
536
537
545
548
549
551
554
557
558
559
563
567
568
570
573
578
580
581
583
599
602
606
608
610
620
621
627
630
633
637
638
639
644
646
652
658
659
660
662
669
670
677
678
679
680
683
685
693
697
698
700
701
702
705
708
709
719
720
726
735
736
744
746
751
755
757
764
767
772
779
782
787
790
794
796
798
800
802
806
808
813
814
819
822
825
828
829
831
835
836
842
844
849
850
853
856
860
861
863
864
870
873
874
875
878
886
890
891
893
897
899
903
904
907
908
911
912
914
916
918
920
924
935
937
945
947
949
959
962
964
966
970
978
979
982
983
986
992
996
997
1002
1004
1005
1006
1007
1008
1009
1013
1018
1020
1021
1023
1024
1028
1033
1035
1036
1039
1043
1047
1048
1050
1051
1056
1057
1063
1065
1076
1082
1086
1089
1090
1091
1092
1093
1095
1098
1101
1102
1104
1105
1108
1112
1115
1117
1121
1123
1124
1125
1127
1131
1133
1134
1135
1137
1138
1146
1147
1148
1149
1150
1153
1154
1157
1161
1163
1164
1166
1169
1172
1173
1177
1182
1183
1185
1190
1193
1195
1198
1202
1203
1204
1205
1214
1215
1220
1227
1231
1232
1239
1245
1246
1262
1267
1276
1280
1287
1289
1302
1303
1309
1310
1311
1316
1324
1326
1330
1331
1336
1339
1342
1348
1360
1361
1366
1370
1376
1377
1380
1385
1389
1390
1397
1398
1405
1406
1407
1410
1414
1418
1425
1427
1430
1431
1432
1436
1438
1440
1444
1450
1453
1457
1458
1461
1467
1470
1472
1473
1474
1476
1479
1481
1482
1486
1487
1490
1493
1494
1500
1503
1504
1507
1509
1512
1522
1527
1528
1529
1533
1535
1537
1538
1540
1545
1550
1551
1554
1558
1560
1562
1564
1566
1570
1574
1575
1576
1585
1588
1590
1595
1597
1601
1606
1609
1611
1612
1614
1625
1626
1628
1635
1640
1645
1652
1653
1665
1667
1671
1674
1676
1685
1688
1690
1694
1695
1700
1701
1705
1709
1718
1722
1724
1727
1730
1733
1736
1741
1742
1744
1745
1746
1750
1756
1759
1760
1770
1774
1780
1783
1786
1787
1800
1801
1803
1804
1805
1806
1810
1811
1812
1827
1828
1829
1830
1831
1839
1841
1842
1847
1849
1850
1851
1853
1856
1857
1862
1865
1868
1870
1872
1874
1876
1878
1881
1882
1883
1888
1889
1890
1894
1904
1909
1913
1917
1918
1919
1922
1924
1925
1926
1931
1933
1934
1936
1947
1948
1950
1952
1953
1958
1962
1965
1966
1970
1978
1981
1982
1983
1990
1997
1998
2002
2010
2011
2012
2013
2015
2017
2018
2027
2031
2034
2036
2037
2041
2042
2045
2046
2049
2051
2053
2054
2068
2073
2074
2075
2079
2080
2081
2082
2083
2091
2093
2097
2099
2102
2104
2108
2117
2125
2128
2129
2131
2135
2136
2141
2144
2146
2149
2150
2160
2163
2164
2167
2169
2171
2172
2179
2181
2182
2183
2185
2188
2190
2200
2203
2210
2211
2215
2217
2222
2228
2233
2235
2238
2241
2243
2246
2248
2249
2261
2263
2266
2272
2277
2280
2283
2290
2291
2292
2294
2299
2302
2304
2306
2307
2308
2311
2312
2324
2326
2335
2343
2345
2352
2354
2356
2359
2360
2367
2369
2371
2374
2375
2377
2379
2380
2381
2385
2397
2399
2401
2404
2406
2408
2410
2417
2421
2429
2430
2432
2433
2434
2438
2447
2456
2460
2461
2467
2468
2469
2472
2474
2476
2483
2486
2488
2491
2496
2505
2506
2508
2509
2510
2514
2515
2516
2518
2521
2524
2532
2535
2536
2537
2538
2540
2544
2546
2548
2549
2552
2555
2561
2562
2564
2573
2579
2583
2585
2587
2589
2593
2601
2603
2605
2612
2613
2615
2618
2623
2624
2626
2632
2634
2635
2636
2646
2647
2651
2654
2657
2668
2670
2672
2677
2678
2679
2683
2686
2688
2690
2692
2694
2697
2699
2706
2709
2711
2712
2716
2717
2722
2724
2732
2738
2739
2744
2745
2746
2755
2757
2762
2764
2767
2770
2771
2778
2779
2786
2787
2794
2800
2801
2803
2815
2824
2825
2828
2829
2837
2840
2842
2844
2845
2848
2860
2865
2879
2882
2884
2885
2886
2895
2896
2902
2905
2908
2914
2916
2920
2921
2922
2923
2926
2927
2928
2929
2933
2936
2942
2944
2949
2950
2954
2960
2961
2971
2973
2981
2987
2988
2992
2993
3004
3005
3010
3014
3015
3024
3025
3029
3030
3032
3033
3038
3042
3043
3048
3056
3058
3060
3061
3066
3068
3070
3074
3079
3080
3082
3085
3088
3089
3091
3093
3099
3102
3111
3112
3121
3122
3123
3124
3125
3129
3139
3141
3146
3153
3163
3164
3165
3172
3173
3179
3180
3183
3186
3189
3190
3195
3198
3201
3204
3205
3206
3226
3230
3238
3241
3244
3251
3252
3256
3257
3258
3260
3267
3272
3273
3275
3278
3280
3281
3285
3287
3297
3298
3300
3303
3307
3308
3312
3316
3318
3322
3323
3325
3327
3328
3330
3332
3333
3334
3335
3336
3338
3340
3345
3347
3348
3350
3355
3357
3358
3360
3361
3364
3367
3368
3377
3379
3381
3385
3387
3394
3397
3400
3401
3403
3414
3417
3418
3423
3424
3427
3435
3442
3447
3448
3453
3455
3456
3457
3467
3469
3474
3476
3482
3486
3488
3493
3496
3499
3507
3508
3520
3522
3527
3530
3531
3537
3539
3543
3547
3552
3554
3556
3558
3562
3563
3566
3567
3568
3569
3574
3576
3577
3582
3583
3584
3587
3590
3593
3594
3595
3596
3600
3603
3604
3605
3606
3607
3610
3620
3621
3624
3636
3641
3644
3651
3652
3657
3659
3663
3664
3666
3667
3671
3672
3674
3675
3683
3692
3696
3702
3707
3708
3713
3717
3724
3725
3726
3728
3730
3735
3736
3740
3748
3749
3751
3753
3768
3776
3780
3784
3785
3788
3790
3792
3796
3802
3805
3808
3809
3814
3816
3821
3825
3828
3829
3830
3831
3838
3848
3851
3854
3855
3858
3861
3867
3868
3871
3872
3877
3878
3881
3882
3883
3885
3889
3892
3893
3897
3901
3905
3911
3925
3933
3934
3937
3946
3947
3948
3953
3957
3963
3967
3969
3971
3977
3978
3981
3986
3987
3993
3994
3996
4000
4001
4006
4009
4012
4014
4015
4020
4021
4026
4029
4035
4036
4039
4040
4041
4043
4044
4046
4047
4049
4053
4054
4057
4058
4059
4061
4063
4079
4085
4086
4087
4092
4095
4098
4103
4105
4107
4108
4110
4118
4121
4122
4123
4124
4125
4133
4134
4135
4140
4142
4149
4150
4152
4156
4158
4162
4166
4167
4174
4184
4185
4187
4192
4196
4197
4198
4202
4204
4207
4212
4216
4223
4225
4227
4228
4229
4235
4238
4241
4247
4251
4252
4255
4260
4262
4265
4269
4277
4278
4286
4292
4298
4301
4304
4307
4315
4317
4318
4319
4320
4323
4324
4332
4333
4336
4337
4341
4342
4343
4345
4359
4361
4364
4365
4368
4374
4377
4384
4387
4389
4392
4395
4399
4400
4403
4405
4406
4407
4411
4412
4413
4415
4419
4421
4424
4425
4428
4434
4436
4442
4448
4453
4454
4457
4459
4465
4466
4474
4480
4483
4486
4490
4491
4492
4493
4494
4498
4500
4504
4511
4513
4514
4515
4520
4525
4529
4533
4539
4541
4542
4543
4547
4548
4553
4557
4558
4561
4567
4568
4572
4578
4580
4583
4587
4591
4596
4597
4611
4615
4618
4621
4633
4634
4636
4639
4642
4646
4657
4659
4660
4661
4665
4670
4672
4678
4680
4681
4682
4684
4688
4690
4694
4696
4697
4698
4707
4709
4710
4712
4714
4718
4720
4726
4727
4732
4735
4736
4737
4740
4744
4746
4749
4750
4752
4761
4762
4763
4772
4773
4775
4777
4781
4790
4792
4793
4796
4798
4800
4801
4804
4805
4808
4809
4810
4811
4812
4813
4814
4816
4817
4818
4828
4829
4832
4836
4839
4841
4843
4845
4849
4850
4851
4854
4860
4864
4865
4868
4869
4879
4880
4883
4885
4891
4896
4897
4903
4905
4909
4913
4915
4922
4924
4925
4928
4932
4934
4935
4939
4942
4943
4946
4949
4959
4966
4969
4973
4975
4976
4978
4979
4982
4984
4985
4987
4990
4991
4993
4994
4995
5005
5007
5008
5013
5014
5015
5016
5017
5018
5024
5033
5035
5038
5039
5042
5049
5050
5051
5052
5054
5064
5073
5074
5076
5079
5080
5081
5083
5085
5094
5099
5102
5105
5106
5108
5112
5118
5130
5131
5133
5134
5138
5140
5151
5157
5160
5162
5165
5175
5177
5180
5190
5195
5197
5198
5202
5205
5207
5209
5211
5219
5226
5227
5232
5238
5243
5246
5250
5251
5252
5254
5261
5266
5270
5274
5278
5282
5283
5284
5295
5298
5300
5301
5304
5306
5323
5328
5331
5333
5334
5345
5360
5363
5365
5368
5369
5372
5375
5388
5390
5404
5406
5408
5412
5413
5417
5419
5432
5434
5436
5437
5438
5440
5445
5447
5451
5458
5460
5461
5466
5475
5479
5481
5482
5483
5487
5491
5496
5498
5500
5503
5507
5512
5515
5516
5517
5519
5520
5521
5523
5524
5526
5530
5532
5534
5536
5545
5554
5562
5570
5571
5572
5573
5574
5575
5582
5583
5589
5591
5593
5597
5599
5603
5604
5606
5607
5611
5612
5622
5623
5628
5630
5636
5638
5639
5649
5650
5652
5654
5656
5665
5667
5668
5671
5675
5676
5677
5679
5690
5692
5696
5698
5705
5706
5707
5711
5712
5714
5716
5717
5721
5722
5723
5725
5726
5733
5735
5737
5739
5743
5745
5747
5749
5753
5766
5772
5773
5776
5778
5779
5783
5784
5785
5790
5796
5801
5804
5805
5807
5808
5809
5817
5824
5835
5836
5850
5853
5859
5861
5864
5865
5868
5869
5871
5882
5884
5886
5889
5893
5894
5896
5900
5903
5907
5909
5910
5913
5915
5917
5922
5923
5924
5929
5931
5935
5937
5938
5939
5941
5945
5957
5959
5960
5963
5964
5967
5970
5971
5973
5977
5982
5983
5984
5986
5987
5988
5991
5992
5995
5998
6004
6007
6009
6012
6015
6018
6026
6027
6031
6036
6038
6039
6041
6045
6047
6052
6053
6056
6057
6059
6061
6062
6067
6068
6072
6073
6079
6081
6084
6088
6091
6092
6096
6097
6102
6104
6106
6108
6114
6118
6121
6122
6125
6127
6128
6134
6140
6141
6142
6146
6156
6165
6166
6169
6175
6179
6180
6184
6185
6192
6194
6196
6199
6200
6201
6203
6204
6206
6209
6213
6217
6219
6223
6228
6235
6236
6237
6239
6245
6248
6252
6253
6254
6256
6258
6261
6268
6281
6283
6285
6287
6294
6296
6303
6306
6310
6312
6313
6317
6321
6325
6327
6328
6330
6332
6337
6339
6341
6342
6343
6350
6352
6355
6371
6372
6385
6393
6395
6396
6406
6407
6410
6418
6419
6421
6425
6435
6443
6447
6468
6470
6473
6477
6482
6483
6485
6488
6489
6497
6500
6501
6511
6514
6516
6518
6520
6521
6526
6527
6528
6529
6530
6532
6533
6536
6544
6550
6554
6556
6560
6563
6566
6568
6570
6573
6574
6576
6579
6582
6584
6593
6598
6599
6602
6603
6604
6605
6607
6610
6612
6614
6616
6633
6634
6642
6646
6648
6650
6656
6659
6663
6664
6668
6676
6683
6688
6689
6694
6697
6703
6708
6717
6721
6731
6732
6733
6734
6737
6740
6741
6744
6751
6752
6753
6754
6762
6767
6772
6776
6780
6781
6782
6785
6786
6794
6802
6803
6810
6811
6814
6815
6822
6823
6824
6828
6830
6831
6832
6833
6834
6835
6843
6846
6849
6852
6853
6855
6857
6862
6863
6867
6876
6878
6891
6893
6897
6906
6910
6919
6927
6933
6937
6938
6944
6945
6948
6950
6951
6952
6956
6961
6963
6965
6974
6979
6986
6987
6988
6993
6994
6995
6996
6998
7003
7004
7005
7008
7011
7020
7025
7026
7029
7030
7034
7035
7038
7039
7043
7044
7045
7055
7058
7068
7071
7078
7079
7081
7085
7091
7092
7094
7096
7097
7099
7100
7104
7106
7108
7109
7112
7114
7115
7120
7129
7130
7132
7143
7146
7147
7152
7155
7160
7162
7164
7176
7178
7180
7181
7182
7188
7189
7193
7197
7202
7203
7207
7214
7215
7221
7224
7229
7233
7235
7239
7240
7242
7246
7252
7253
7254
7255
7257
7259
7261
7264
7265
7266
7267
7270
7276
7278
7280
7281
7284
7288
7296
7297
7298
7301
7309
7310
7311
7314
7315
7317
7320
7322
7324
7329
7335
7339
7341
7342
7346
7348
7350
7351
7352
7357
7360
7363
7367
7371
7376
7378
7388
7392
7400
7401
7403
7407
7414
7416
7417
7421
7423
7428
7429
7434
7439
7445
7446
7451
7454
7455
7457
7458
7459
7467
7470
7471
7474
7476
7478
7481
7482
7489
7497
7504
7505
7507
7512
7518
7520
7522
7523
7535
7539
7544
7546
7549
7551
7554
7555
7556
7564
7565
7573
7577
7578
7580
7583
7585
7587
7588
7589
7590
7592
7593
7594
7595
7601
7605
7608
7618
7620
7621
7622
7626
7633
7635
7636
7640
7642
7643
7646
7648
7649
7654
7667
7668
7676
7678
7681
7683
7684
7687
7691
7693
7695
7701
7706
7708
7709
7714
7717
7718
7720
7721
7723
7729
7732
7734
7744
7747
7751
7752
7753
7757
7759
7764
7766
7769
7770
7774
7775
7777
7781
7783
7784
7785
7789
7797
7799
7802
7803
7811
7812
7819
7824
7825
7828
7844
7847
7851
7857
7861
7872
7874
7875
7881
7882
7883
7884
7889
7899
7901
7906
7909
7913
7915
7916
7918
7922
7925
7928
7929
7941
7942
7945
7949
7951
7956
7958
7961
7964
7972
7973
7978
7986
7987
7988
7991
7998
8003
8005
8010
8011
8013
8016
8017
8018
8019
8022
8026
8028
8029
8033
8034
8036
8040
8043
8048
8056
8058
8063
8064
8069
8070
8075
8076
8081
8085
8088
8091
8093
8095
8097
8100
8106
8108
8110
8124
8127
8132
8133
8135
8139
8142
8144
8151
8152
8154
8158
8163
8167
8171
8175
8176
8179
8180
8182
8183
8184
8187
8190
8192
8204
8206
8207
8208
8209
8211
8212
8215
8219
8220
8222
8223
8224
8231
8234
8235
8238
8244
8246
8247
8253
8259
8262
8269
8276
8277
8280
8282
8290
8292
8293
8295
8296
8309
8310
8315
8316
8317
8318
8321
8332
8336
8339
8346
8354
8356
8365
8372
8373
8375
8378
8381
8383
8388
8392
8393
8394
8398
8399
8401
8404
8405
8406
8408
8414
8417
8420
8422
8423
8424
8425
8431
8432
8435
8436
8441
8446
8447
8450
8453
8455
8459
8465
8467
8468
8471
8475
8478
8480
8489
8490
8501
8511
8513
8514
8516
8517
8518
8522
8523
8525
8526
8527
8528
8533
8546
8553
8558
8559
8567
8574
8575
8576
8578
8581
8583
8587
8590
8591
8596
8599
8604
8611
8619
8620
8626
8628
8632
8638
8643
8644
8645
8648
8649
8653
8660
8661
8665
8667
8668
8669
8670
8673
8675
8676
8684
8693
8695
8700
8701
8702
8703
8704
8706
8711
8713
8714
8720
8721
8722
8726
8727
8729
8731
8732
8735
8737
8753
8754
8756
8758
8760
8764
8765
8767
8769
8771
8777
8779
8785
8786
8788
8789
8791
8793
8794
8798
8801
8803
8805
8810
8812
8814
8816
8818
8839
8842
8850
8853
8855
8857
8860
8862
8865
8866
8874
8875
8883
8884
8888
8889
8896
8909
8911
8914
8916
8917
8922
8923
8929
8933
8934
8937
8943
8949
8950
8955
8956
8958
8959
8965
8967
8968
8970
8973
8974
8978
8980
8988
8990
8993
9000
9001
9004
9005
9007
9013
9017
9018
9019
9020
9021
9025
9026
9028
9033
9035
9037
9041
9042
9045
9046
9051
9056
9066
9072
9076
9082
9083
9085
9092
9093
9097
9099
9104
9105
9111
9112
9116
9118
9121
9123
9124
9125
9129
9133
9134
9138
9140
9146
9151
9153
9154
9155
9164
9166
9167
9169
9171
9172
9180
9183
9187
9189
9192
9193
9195
9196
9197
9199
9200
9205
9206
9209
9212
9214
9215
9218
9219
9221
9222
9224
9227
9232
9241
9246
9248
9249
9254
9257
9259
9260
9265
9267
9268
9270
9272
9274
9278
9284
9288
9289
9290
9291
9294
9301
9302
9314
9315
9320
9321
9329
9330
9341
9345
9347
9350
9351
9355
9357
9358
9359
9360
9363
9365
9374
9376
9378
9380
9382
9384
9392
9395
9396
9399
9401
9406
9407
9410
9412
9429
9434
9440
9441
9443
9448
9451
9455
9459
9463
9468
9473
9477
9480
9483
9486
9488
9500
9501
9502
9504
9506
9510
9512
9514
9515
9517
9520
9526
9536
9543
9545
9547
9551
9566
9570
9575
9582
9583
9584
9588
9591
9593
9599
9601
9602
9608
9611
9614
9617
9618
9619
9627
9636
9638
9639
9640
9646
9649
9653
9654
9655
9656
9660
9670
9675
9676
9684
9696
9699
9702
9704
9706
9707
9716
9719
9720
9721
9726
9727
9734
9736
9740
9742
9745
9746
9750
9751
9752
9754
9756
9759
9762
9767
9770
9771
9773
9779
9783
9790
9792
9794
9795
9796
9801
9804
9817
9819
9825
9826
9828
9830
9833
9836
9838
9839
9849
9850
9853
9855
9858
9864
9865
9868
9871
9872
9873
9875
9879
9883
9885
9889
9892
9894
9897
9898
9902
9908
9911
9912
9915
9916
9917
9919
9923
9939
9941
9942
9943
9945
9946
9947
9953
9956
9958
9964
9970
9971
9976
9977
9979
9983
9985
9988
9992
9996
9998
9999
10002
10003
10005
10006
10017
10026
10028
10033
10035
10036
10037
10046
10048
10050
10058
10059
10061
10062
10068
10069
10074
10075
10080
10082
10086
10088
10095
10097
10104
10105
10107
10110
10111
10113
10115
10120
10121
10122
10127
10131
10138
10140
10144
10145
10146
10153
10160
10161
10162
10163
10165
10166
10169
10171
10184
10191
10195
10196
10198
10199
10202
10203
10204
10207
10209
10222
10227
10230
10247
10250
10257
10258
10261
10268
10273
10275
10284
10292
10293
10294
10300
10304
10306
10307
10312
10313
10315
10318
10321
10324
10326
10334
10335
10336
10340
10344
10345
10347
10348
10349
10352
10354
10357
10360
10365
10366
10367
10369
10371
10377
10389
10390
10392
10393
10396
10404
10409
10412
10413
10414
10419
10424
10435
10439
10441
10446
10449
10452
10462
10465
10469
10475
10476
10479
10481
10486
10489
10490
10499
10504
10505
10506
10509
10511
10513
10515
10520
10521
10533
10534
10540
10542
10544
10545
10546
10552
10561
10567
10568
10569
10573
10574
10578
10580
10585
10588
10590
10591
10595
10599
10602
10604
10605
10613
10621
10627
10636
10637
10639
10641
10642
10644
10658
10662
10665
10667
10671
10675
10677
10680
10681
10682
10683
10684
10685
10686
10687
10688
10692
10693
10695
10696
10698
10700
10701
10703
10704
10706
10708
10715
10719
10720
10721
10722
10725
10726
10729
10731
10732
10746
10754
10755
10761
10763
10776
10777
10783
10785
10787
10791
10792
10793
10795
10798
10800
10808
10810
10816
10817
10822
10824
10826
10828
10832
10837
10839
10843
10844
10848
10849
10854
10860
10863
10873
10874
10875
10882
10884
10888
10889
10891
10897
10901
10916
10920
10921
10922
10924
10926
10929
10933
10935
10936
10938
10941
10943
10945
10947
10949
10951
10952
10954
10955
10958
10959
10960
10962
10966
10969
10970
10972
10974
10975
10980
10993
10997
10999
11002
11004
11006
11009
11011
11012
11015
11016
11021
11023
11025
11031
11034
11036
11038
11040
11043
11045
11050
11052
11054
11055
11056
11057
11071
11078
11079
11084
11086
11091
11095
11096
11097
11099
11101
11104
11113
11116
11118
11119
11122
11124
11129
11131
11138
11141
11145
11148
11152
11157
11165
11167
11168
11171
11180
11182
11183
11186
11190
11195
11196
11204
11205
11208
11212
11214
11215
11221
11224
11229
11232
11233
11236
11237
11242
11243
11244
11250
11251
11252
11253
11259
11268
11272
11275
11276
11277
11279
11288
11289
11296
11297
11307
11308
11310
11311
11312
11315
11317
11318
11321
11324
11330
11338
11340
11342
11344
11345
11348
11349
11350
11357
11365
11366
11368
11373
11374
11379
11380
11381
11385
11390
11394
11402
11406
11408
11412
11416
11424
11425
11428
11429
11430
11434
11436
11441
11442
11445
11446
11447
11449
11450
11453
11455
11457
11458
11460
11464
11465
11472
11473
11475
11479
11481
11482
11485
11493
11494
11495
11497
11499
11500
11501
11504
11506
11509
11511
11518
11521
11523
11524
11525
11526
11535
11536
11540
11543
11547
11554
11562
11564
11567
11568
11569
11570
11573
11576
11580
11583
11584
11585
11586
11589
11592
11594
11597
11599
11601
11603
11606
11607
11610
11611
11612
11614
11632
11634
11636
11641
11644
11645
11649
11654
11657
11661
11673
11674
11676
11677
11679
11687
11688
11689
11696
11699
11703
11705
11706
11717
11719
11725
11727
11731
11734
11737
11749
11753
11755
11756
11759
11771
11778
11780
11781
11786
11791
11792
11797
11798
11805
11809
11813
11821
11824
11826
11828
11829
11831
11834
11836
11839
11840
11845
11849
11851
11852
11854
11856
11857
11861
11865
11866
11873
11874
11876
11879
11881
11888
11890
11893
11897
11900
11907
11912
11915
11918
11922
11924
11927
11929
11931
11933
11934
11935
11937
11940
11946
11955
11956
11960
11961
11962
11963
11964
11966
11968
11971
11982
11987
11990
11993
11995
11997
11999
12006
12019
12020
12023
12026
12030
12034
12038
12043
12050
12058
12060
12062
12063
12064
12067
12070
12072
12074
12077
12078
12080
12082
12085
12086
12087
12088
12098
12099
12111
12112
12113
12118
12119
12126
12127
12129
12130
12133
12134
12138
12139
12145
12147
12152
12157
12159
12163
12166
12167
12170
12175
12182
12187
12192
12202
12204
12222
12224
12228
12230
12237
12241
12243
12245
12249
12251
12252
12253
12258
12262
12266
12268
12269
12276
12279
12281
12285
12287
12293
12298
12301
12303
12305
12309
12317
12318
12323
12325
12326
12330
12332
12336
12337
12338
12343
12345
12347
12351
12353
12354
12358
12364
12366
12367
12370
12380
12381
12382
12384
12386
12388
12389
12390
12391
12392
12396
12400
12402
12403
12404
12405
12409
12413
12420
12430
12433
12434
12435
12436
12439
12443
12457
12467
12470
12476
12482
12489
12491
12492
12493
12503
12515
12520
12521
12534
12535
12538
12539
12550
12563
12569
12573
12586
12589
12592
12595
12598
12601
12607
12611
12613
12616
12622
12623
12626
12627
12634
12637
12638
12643
12652
12653
12656
12667
12669
12671
12682
12685
12688
12692
12697
12699
12703
12705
12708
12711
12712
12715
12718
12719
12725
12730
12731
12734
12737
12747
12748
12751
12755
12757
12765
12772
12775
12776
12777
12778
12786
12789
12792
12795
12796
12802
12803
12804
12805
12806
12808
12811
12813
12819
12820
12821
12822
12823
12841
12842
12844
12846
12848
12852
12858
12859
12861
12862
12872
12874
12877
12879
12882
12884
12886
12887
12889
12891
12892
12895
12915
12918
12919
12922
12923
12925
12931
12932
12944
12945
12946
12948
12949
12952
12954
12957
12963
12964
12965
12968
12970
12973
12983
12985
12986
12988
12990
12996
12999
13001
13005
13007
13012
13015
13017
13021
13024
13031
13035
13037
13042
13047
13048
13050
13056
13063
13067
13068
13072
13075
13079
13081
13083
13086
13087
13089
13091
13093
13096
13102
13105
13107
13108
13113
13114
13116
13120
13128
13129
13140
13143
13146
13152
13154
13155
13156
13157
13159
13162
13167
13170
13172
13177
13180
13184
13185
13187
13191
13193
13196
13197
13203
13206
13209
13211
13214
13215
13216
13218
13221
13228
13230
13233
13235
13237
13239
13243
13251
13253
13254
13256
13257
13259
13262
13263
13265
13267
13268
13274
13275
13276
13280
13282
13289
13291
13296
13302
13304
13306
13307
13309
13311
13324
13325
13328
13329
13331
13333
13335
13343
13346
13348
13349
13354
13364
13366
13367
13368
13373
13374
13376
13377
13378
13379
13386
13390
13394
13401
13405
13411
13421
13424
13427
13429
13430
13432
13435
13437
13441
13448
13449
13452
13457
13459
13460
13461
13462
13466
13468
13469
13470
13474
13475
13476
13478
13479
13480
13483
13484
13485
13486
13487
13489
13491
13496
13507
13521
13522
13523
13529
13537
13539
13540
13541
13544
13545
13546
13555
13559
13565
13566
13572
13575
13581
13582
13586
13588
13589
13592
13594
13596
13597
13598
13599
13600
13601
13602
13607
13612
13614
13616
13621
13630
13631
13636
13638
13643
13651
13652
13655
13658
13661
13666
13667
13670
13676
13678
13679
13681
13690
13691
13697
13713
13716
13717
13718
13725
13728
13731
13734
13738
13739
13741
13742
13744
13746
13747
13749
13750
13752
13756
13760
13761
13762
13763
13771
13772
13773
13775
13780
13781
13786
13788
13790
13791
13792
13793
13795
13797
13798
13800
13802
13803
13805
13806
13808
13812
13813
13814
13821
13825
13826
13829
13832
13834
13836
13837
13842
13854
13857
13859
13866
13871
13878
13884
13887
13894
13897
13901
13902
13904
13905
13906
13907
13909
13913
13917
13921
13922
13930
13936
13937
13938
13939
13943
13949
13950
13951
13953
13954
13959
13962
13964
13965
13966
13973
13979
13981
13983
13987
13989
13991
13992
13995
13996
13999
14001
14003
14005
14007
14011
14012
14013
14014
14015
14021
14022
14024
14036
14045
14048
14053
14057
14058
14061
14063
14065
14068
14078
14083
14086
14091
14092
14093
14097
14098
14101
14108
14109
14110
14114
14116
14117
14119
14120
14121
14135
14139
14146
14148
14158
14159
14162
14165
14170
14172
14173
14175
14183
14188
14190
14194
14196
14197
14201
14202
14207
14209
14213
14214
14232
14235
14238
14239
14243
14244
14245
14246
14250
14251
14258
14265
14268
14274
14275
14276
14277
14288
14294
14297
14298
14301
14302
14303
14306
14310
14316
14319
14322
14325
14326
14327
14333
14335
14338
14339
14343
14345
14348
14349
14351
14354
14358
14364
14368
14371
14372
14374
14376
14380
14381
14387
14388
14389
14392
14395
14406
14407
14411
14412
14413
14418
14420
14425
14427
14429
14430
14431
14434
14436
14439
14440
14441
14446
14452
14457
14461
14463
14466
14467
14470
14474
14475
14476
14477
14486
14504
14510
14512
14513
14518
14522
14525
14527
14531
14532
14537
14539
14542
14544
14546
14547
14551
14556
14558
14559
14561
14563
14565
14567
14568
14572
14574
14576
14583
14584
14586
14589
14591
14594
14598
14599
14604
14610
14613
14619
14623
14627
14636
14645
14646
14647
14653
14654
14657
14664
14666
14669
14671
14673
14676
14677
14679
14688
14690
14698
14699
14704
14707
14708
14713
14718
14722
14727
14729
14730
14732
14744
14745
14746
14748
14756
14762
14765
14767
14770
14772
14777
14778
14780
14781
14783
14784
14785
14797
14800
14801
14806
14808
14817
14821
14824
14835
14843
14844
14851
14855
14856
14860
14861
14862
14866
14868
14871
14878
14879
14881
14882
14891
14893
14896
14899
14902
14905
14907
14908
14910
14911
14920
14923
14926
14929
14931
14932
14934
14935
14940
14946
14947
14948
14949
14950
14962
14965
14966
14968
14977
14981
14982
14991
14999
15005
15008
15009
15010
15011
15012
15013
15014
15018
15021
15022
15029
15034
15035
15039
15045
15047
15051
15052
15053
15060
15063
15064
15067
15068
15069
15072
15075
15080
15101
15102
15105
15108
15112
15117
15118
15122
15135
15137
15144
15147
15154
15155
15161
15164
15171
15178
15179
15184
15193
15203
15211
15217
15222
15226
15230
15234
15236
15241
15252
15253
15254
15257
15260
15262
15263
15265
15271
15272
15276
15282
15283
15284
15291
15293
15294
15298
15304
15306
15308
15326
15334
15336
15337
15339
15349
15350
15353
15355
15357
15361
15364
15367
15370
15371
15384
15386
15388
15395
15396
15399
15406
15410
15418
15419
15422
15428
15432
15442
15444
15446
15451
15452
15455
15456
15458
15467
15469
15479
15480
15484
15487
15490
15492
15493
15502
15504
15505
15510
15514
15516
15518
15523
15524
15527
15536
15540
15545
15547
15548
15550
15553
15554
15556
15561
15562
15566
15568
15569
15570
15571
15572
15575
15580
15583
15584
15586
15587
15588
15589
15590
15596
15597
15599
15603
15611
15613
15614
15616
15634
15640
15643
15648
15649
15651
15652
15656
15657
15660
15669
15672
15675
15676
15677
15681
15684
15685
15689
15696
15701
15703
15705
15706
15707
15714
15717
15721
15722
15727
15728
15730
15734
15738
15739
15741
15743
15745
15748
15755
15756
15762
15768
15770
15773
15775
15776
15778
15779
15780
15782
15783
15797
15801
15802
15807
15808
15821
15822
15824
15826
15828
15831
15832
15838
15842
15844
15845
15851
15852
15853
15854
15855
15858
15862
15864
15866
15867
15868
15874
15877
15879
15882
15883
15884
15885
15888
15893
15897
15899
15905
15906
15910
15911
15915
15922
15924
15929
15933
15945
15946
15948
15952
15958
15959
15960
15963
15964
15970
15978
15982
15985
15988
15989
15990
15993
15994
15996
15997
15999
16007
16008
16012
16018
16019
16021
16022
16026
16029
16031
16038
16039
16043
16045
16047
16050
16051
16052
16055
16056
16057
16066
16070
16073
16074
16075
16080
16082
16084
16090
16097
16102
16106
16110
16111
16113
16114
16116
16119
16124
16125
16126
16129
16130
16135
16140
16144
16145
16149
16154
16156
16159
16160
16162
16163
16168
16174
16176
16177
16178
16182
16189
16193
16204
16209
16210
16217
16219
16223
16226
16230
16233
16235
16239
16245
16248
16252
16253
16257
16259
16260
16261
16265
16269
16271
16272
16281
16283
16286
16297
16301
16304
16308
16312
16313
16314
16324
16327
16328
16331
16333
16335
16336
16340
16341
16345
16350
16351
16353
16354
16356
16359
16361
16364
16368
16369
16371
16372
16381
16383
16386
16393
16400
16402
16403
16404
16408
16415
16418
16419
16420
16422
16425
16427
16430
16433
16435
16437
16446
16448
16455
16458
16461
16462
16474
16477
16479
16480
16490
16500
16506
16510
16515
16518
16520
16527
16528
16530
16531
16534
16535
16537
16538
16543
16548
16551
16552
16555
16557
16558
16560
16569
16575
16576
16580
16583
16593
16597
16602
16603
16606
16608
16614
16620
16628
16629
16630
16633
16640
16642
16643
16646
16647
16655
16663
16664
16665
16669
16671
16672
16681
16685
16686
16687
16691
16702
16705
16707
16708
16709
16714
16716
16720
16721
16726
16729
16730
16732
16735
16738
16739
16740
16742
16746
16749
16756
16757
16768
16770
16771
16776
16777
16778
16782
16784
16790
16791
16792
16793
16797
16798
16800
16801
16802
16803
16807
16816
16817
16819
16821
16832
16835
16836
16837
16839
16843
16844
16847
16857
16860
16866
16867
16868
16869
16874
16875
16877
16879
16880
16886
16888
16889
16894
16897
16898
16904
16906
16907
16910
16921
16924
16928
16933
16934
16935
16937
16945
16946
16949
16954
16960
16961
16966
16981
16986
16988
17002
17005
17011
17013
17017
17023
17032
17033
17035
17038
17044
17047
17051
17055
17056
17059
17060
17070
17075
17078
17084
17093
17094
17099
17101
17105
17106
17110
17116
17117
17120
17129
17133
17139
17140
17148
17149
17150
17151
17153
17156
17161
17171
17174
17177
17195
17199
17204
17206
17209
17213
17215
17219
17221
17223
17232
17233
17234
17238
17240
17241
17246
17252
17254
17255
17257
17261
17265
17267
17269
17272
17278
17284
17287
17288
17290
17291
17292
17293
17295
17296
17299
17308
17309
17310
17313
17319
17322
17323
17328
17329
17331
17332
17334
17337
17344
17345
17362
17365
17368
17372
17377
17378
17379
17381
17384
17390
17394
17396
17398
17400
17404
17405
17411
17413
17426
17433
17434
17438
17439
17443
17444
17450
17451
17452
17455
17463
17467
17469
17471
17473
17478
17481
17488
17495
17502
17505
17506
17507
17510
17511
17513
17524
17527
17530
17531
17533
17534
17535
17537
17538
17539
17545
17547
17548
17550
17551
17556
17563
17564
17570
17573
17576
17577
17578
17584
17585
17587
17588
17590
17594
17596
17597
17598
17599
17609
17613
17622
17629
17636
17638
17639
17651
17652
17655
17660
17662
17663
17668
17669
17672
17675
17679
17680
17683
17685
17689
17692
17694
17695
17701
17702
17703
17704
17706
17708
17711
17714
17718
17721
17733
17735
17739
17750
17752
17756
17773
17775
17776
17779
17788
17790
17792
17796
17797
17803
17805
17806
17809
17812
17813
17814
17815
17816
17819
17821
17823
17832
17835
17839
17841
17843
17849
17852
17853
17855
17860
17861
17866
17869
17871
17884
17889
17892
17893
17898
17899
17902
17906
17912
17913
17915
17917
17918
17921
17922
17926
17928
17931
17932
17933
17935
17941
17945
17948
17955
17969
17971
17975
17977
17981
17982
17983
17985
17991
17999
18000
18001
18012
18018
18019
18021
18025
18026
18027
18034
18038
18042
18043
18044
18048
18052
18055
18057
18067
18068
18069
18070
18071
18073
18076
18085
18086
18088
18092
18094
18101
18111
18114
18115
18116
18123
18129
18134
18136
18141
18146
18147
18148
18150
18156
18160
18163
18164
18168
18171
18172
18174
18178
18180
18182
18186
18188
18195
18199
18203
18205
18209
18213
18214
18216
18217
18221
18233
18236
18240
18241
18243
18245
18247
18249
18254
18257
18260
18275
18276
18278
18292
18294
18296
18299
18300
18301
18305
18306
18309
18314
18316
18319
18320
18326
18335
18336
18339
18341
18342
18343
18346
18352
18356
18360
18366
18370
18371
18377
18379
18387
18392
18393
18399
18405
18408
18410
18412
18425
18427
18430
18431
18432
18433
18439
18440
18442
18445
18454
18460
18464
18465
18466
18467
18469
18471
18473
18474
18477
18481
18484
18487
18489
18492
18493
18498
18506
18508
18509
18512
18513
18514
18515
18519
18524
18529
18531
18534
18538
18541
18543
18544
18548
18551
18552
18555
18556
18559
18561
18562
18568
18571
18572
18575
18581
18585
18586
18587
18592
18600
18602
18605
18611
18619
18620
18621
18623
18624
18626
18637
18638
18642
18643
18648
18650
18652
18653
18654
18655
18659
18660
18666
18673
18675
18678
18679
18682
18683
18685
18686
18691
18694
18697
18699
18706
18716
18717
18718
18727
18731
18736
18739
18741
18751
18757
18758
18760
18762
18765
18769
18778
18785
18786
18789
18791
18796
18797
18804
18812
18818
18819
18821
18825
18828
18829
18830
18832
18833
18837
18838
18842
18843
18855
18859
18861
18863
18868
18871
18875
18880
18882
18885
18886
18888
18890
18891
18896
18898
18910
18913
18914
18918
18922
18924
18926
18927
18934
18937
18941
18942
18945
18951
18957
18959
18964
18967
18973
18974
18975
18990
18994
19010
19012
19014
19016
19021
19024
19025
19026
19032
19040
19042
19044
19049
19051
19059
19064
19066
19069
19071
19075
19077
19078
19080
19081
19082
19087
19089
19091
19096
19097
19100
19102
19105
19114
19118
19120
19125
19128
19134
19138
19144
19147
19148
19159
19160
19165
19169
19172
19176
19177
19179
19180
19181
19189
19191
19192
19196
19198
19199
19201
19207
19215
19221
19224
19228
19230
19231
19232
19239
19241
19244
19248
19261
19262
19266
19290
19292
19293
19296
19302
19303
19304
19305
19306
19308
19311
19317
19318
19323
19325
19326
19331
19333
19335
19337
19341
19342
19343
19344
19345
19348
19351
19352
19353
19360
19362
19367
19369
19371
19372
19373
19379
19381
19382
19386
19387
19388
19390
19391
19392
19393
19396
19397
19399
19402
19408
19411
19414
19417
19419
19420
19430
19435
19441
19442
19443
19445
19450
19455
19458
19460
19466
19467
19469
19470
19471
19479
19482
19484
19486
19491
19492
19493
19497
19502
19508
19511
19513
19514
19525
19528
19533
19535
19537
19538
19543
19545
19551
19553
19555
19556
19557
19563
19564
19566
19567
19571
19572
19573
19575
19582
19584
19587
19588
19591
19592
19594
19596
19597
19602
19604
19605
19613
19615
19618
19624
19626
19629
19630
19633
19634
19641
19644
19646
19649
19650
19651
19652
19655
19656
19658
19659
19664
19668
19669
19670
19673
19675
19677
19678
19681
19682
19684
19685
19686
19687
19691
19693
19696
19702
19704
19705
19707
19708
19710
19717
19723
19724
19727
19728
19733
19739
19747
19749
19753
19756
19759
19763
19764
19765
19766
19771
19773
19775
19776
19780
19782
19783
19784
19785
19787
19788
19790
19792
19795
19801
19806
19808
19812
19813
19817
19825
19836
19838
19840
19842
19843
19846
19853
19859
19867
19870
19874
19876
19878
19884
19888
19889
19891
19894
19896
19898
19902
19908
19910
19911
19913
19915
19921
19924
19925
19944
19945
19948
19950
19951
19953
19955
19958
19959
19961
19963
19964
19967
19969
19975
19977
19980
19982
19983
19985
19986
19990
19995
